# Voids catalog for voids_BOSS_cmass_dr12v4_ngc_Om0.3_dt0.5
# [1] VoidID, [2] Center RA (deg), [3] Center Dec (deg), [4] Center Redshift, [5] Number of Galaxies, [6] Total Voronoi Volume (Mpc^3/h^3), [7] Effective Radius (Mpc/h), [8] Core Number Density (h^3/Mpc^3), [9] Core Density Contrast, [10] Void Density Contrast, [11] Probability [12] Distance from Center to Edge 
60	114.782	37.641	0.648	35	1.411e+05	32.298	2.486e-05	-0.717	3.922	3.220e-14	52.504
10020	184.261	1.326	0.500	25	1.704e+04	15.964	1.364e-04	-0.652	3.441	2.200e-10	28.489
11496	124.855	3.090	0.648	117	6.052e+05	52.473	1.872e-05	-0.778	3.372	6.630e-10	54.891
15935	230.976	13.239	0.459	83	2.425e+05	38.683	3.120e-05	-0.876	3.328	1.330e-09	57.265
4407	237.406	16.985	0.463	372	1.071e+06	63.467	2.934e-05	-0.884	3.001	1.330e-07	73.644
20571	235.861	56.008	0.457	247	7.637e+05	56.705	3.015e-05	-0.854	2.981	1.730e-07	64.008
13976	131.182	28.707	0.498	101	1.043e+05	29.199	8.983e-05	-0.769	2.959	2.290e-07	38.057
2571	138.792	2.233	0.520	487	1.101e+06	64.052	4.141e-05	-0.890	2.875	6.470e-07	68.104
4535	228.210	20.057	0.591	308	1.082e+06	63.679	2.944e-05	-0.855	2.857	7.990e-07	62.597
1267	154.540	-0.619	0.459	220	2.883e+05	40.980	6.223e-05	-0.699	2.827	1.140e-06	42.569
12454	235.558	11.513	0.638	447	3.084e+06	90.295	1.578e-05	-0.849	2.811	1.380e-06	104.814
11862	176.750	5.126	0.586	443	2.164e+06	80.243	1.964e-05	-0.910	2.765	2.360e-06	100.455
5455	206.313	0.163	0.640	547	3.033e+06	89.801	1.988e-05	-0.774	2.759	2.510e-06	88.674
1005	125.041	38.447	0.460	253	6.625e+05	54.079	3.157e-05	-0.875	2.751	2.750e-06	73.005
6886	251.844	21.969	0.495	1066	2.550e+06	84.756	3.729e-05	-0.905	2.741	3.060e-06	82.966
4669	195.568	0.330	0.482	154	2.571e+05	39.445	6.605e-05	-0.819	2.736	3.250e-06	45.527
6677	255.014	24.193	0.479	60	8.690e+04	27.477	8.642e-05	-0.756	2.716	4.050e-06	41.496
2619	160.558	-0.643	0.467	243	4.095e+05	46.066	6.828e-05	-0.802	2.576	1.790e-05	53.763
21634	192.072	54.127	0.460	545	1.634e+06	73.064	2.835e-05	-0.881	2.562	2.080e-05	72.618
9173	212.982	39.695	0.487	243	5.488e+05	50.790	4.280e-05	-0.882	2.553	2.270e-05	64.971
18077	215.769	18.882	0.649	272	2.651e+06	85.851	1.299e-05	-0.852	2.529	2.870e-05	106.731
13556	220.837	36.760	0.659	98	5.652e+05	51.289	2.154e-05	-0.707	2.516	3.270e-05	75.081
17290	144.126	28.605	0.572	535	1.657e+06	73.406	3.693e-05	-0.878	2.512	3.410e-05	95.861
11581	240.589	5.557	0.454	68	1.522e+05	33.120	5.168e-05	-0.750	2.507	3.590e-05	46.209
4859	208.529	0.347	0.578	316	1.050e+06	63.044	3.141e-05	-0.858	2.498	3.910e-05	76.076
21371	163.626	49.028	0.459	397	8.503e+05	58.772	3.734e-05	-0.868	2.478	4.750e-05	71.968
17711	223.573	20.632	0.512	284	6.644e+05	54.131	4.296e-05	-0.889	2.462	5.550e-05	57.951
22524	234.611	55.462	0.644	158	1.448e+06	70.178	1.686e-05	-0.839	2.443	6.600e-05	116.371
15117	178.867	12.927	0.459	131	3.678e+05	44.445	5.588e-05	-0.779	2.443	6.650e-05	69.396
12812	256.340	31.790	0.496	200	7.303e+05	55.864	3.882e-05	-0.901	2.436	7.070e-05	61.609
6729	250.690	20.509	0.549	318	1.006e+06	62.158	3.832e-05	-0.873	2.430	7.520e-05	56.055
2591	132.522	2.263	0.583	392	1.090e+06	63.848	2.988e-05	-0.864	2.403	9.660e-05	68.068
10024	183.139	1.739	0.477	39	4.074e+04	21.347	9.438e-05	-0.727	2.389	1.090e-04	28.616
4395	238.258	20.882	0.595	626	3.191e+06	91.328	2.437e-05	-0.880	2.381	1.180e-04	146.287
13669	133.778	46.359	0.583	188	9.301e+05	60.554	2.851e-05	-0.860	2.377	1.230e-04	93.960
19796	153.402	23.473	0.536	126	2.988e+05	41.471	6.445e-05	-0.812	2.364	1.380e-04	169.851
19847	167.397	25.655	0.569	334	1.154e+06	65.068	3.565e-05	-0.874	2.362	1.400e-04	172.564
19861	171.603	27.345	0.652	304	2.341e+06	82.370	1.601e-05	-0.810	2.358	1.450e-04	99.513
22129	194.166	43.544	0.466	384	1.436e+06	69.996	2.996e-05	-0.855	2.356	1.480e-04	83.651
18298	173.896	19.534	0.656	171	1.512e+06	71.203	1.536e-05	-0.817	2.349	1.580e-04	91.411
21068	171.493	59.727	0.500	264	8.638e+05	59.081	4.121e-05	-0.895	2.345	1.630e-04	164.136
17611	206.257	24.070	0.466	374	1.387e+06	69.175	3.336e-05	-0.868	2.335	1.790e-04	85.713
17222	141.005	32.063	0.470	387	1.457e+06	70.332	2.900e-05	-0.897	2.319	2.060e-04	94.546
3576	224.795	30.535	0.605	347	1.034e+06	62.732	3.190e-05	-0.843	2.305	2.320e-04	69.585
21921	229.089	46.365	0.516	328	9.404e+05	60.777	4.463e-05	-0.879	2.286	2.730e-04	132.746
22520	229.253	54.721	0.657	124	8.417e+05	58.571	2.316e-05	-0.725	2.280	2.880e-04	62.504
8794	138.556	39.662	0.514	227	9.012e+05	59.922	3.273e-05	-0.913	2.266	3.250e-04	107.118
3296	212.817	34.360	0.509	332	9.391e+05	60.750	4.224e-05	-0.891	2.263	3.330e-04	69.006
10593	182.567	3.819	0.513	196	4.149e+05	46.270	5.997e-05	-0.842	2.254	3.600e-04	57.215
5278	227.462	0.722	0.463	96	2.647e+05	39.829	5.239e-05	-0.815	2.252	3.650e-04	55.981
900	123.398	40.356	0.607	12	3.638e+04	20.556	7.528e-05	-0.586	2.250	3.720e-04	46.064
825	116.284	33.865	0.533	429	9.625e+05	61.250	4.678e-05	-0.866	2.244	3.920e-04	67.506
4866	201.439	1.388	0.532	99	1.618e+05	33.803	5.607e-05	-0.839	2.237	4.150e-04	45.109
17574	207.941	28.323	0.454	45	7.384e+04	26.026	7.599e-05	-0.633	2.230	4.430e-04	58.327
19336	202.175	30.639	0.504	56	1.225e+05	30.808	8.509e-05	-0.783	2.225	4.600e-04	55.674
15558	142.483	11.586	0.464	343	9.485e+05	60.952	5.291e-05	-0.744	2.222	4.740e-04	81.368
17812	194.466	26.258	0.654	185	1.449e+06	70.200	1.515e-05	-0.761	2.218	4.890e-04	95.028
7221	117.051	31.419	0.505	147	2.662e+05	39.906	5.975e-05	-0.846	2.215	5.010e-04	56.847
12374	225.297	6.349	0.517	361	9.040e+05	59.983	5.160e-05	-0.858	2.208	5.310e-04	73.487
16030	216.943	14.667	0.661	103	7.815e+05	57.140	2.146e-05	-0.677	2.207	5.340e-04	81.742
4403	242.153	19.984	0.489	179	5.647e+05	51.274	3.761e-05	-0.901	2.202	5.550e-04	84.109
9778	159.312	34.103	0.586	236	1.181e+06	65.572	2.656e-05	-0.889	2.199	5.690e-04	240.971
2211	139.595	-0.905	0.533	26	3.488e+04	20.269	1.156e-04	-0.664	2.193	5.980e-04	44.851
4457	226.458	19.415	0.537	395	9.696e+05	61.399	4.801e-05	-0.851	2.180	6.690e-04	70.821
20012	169.425	31.849	0.460	434	1.442e+06	70.088	3.408e-05	-0.857	2.177	6.850e-04	71.693
21786	208.130	58.841	0.452	61	1.774e+05	34.858	6.201e-05	-0.700	2.175	6.950e-04	54.426
14752	217.584	7.100	0.465	136	3.478e+05	43.625	7.594e-05	-0.754	2.171	7.140e-04	82.068
12573	202.708	6.481	0.469	254	7.216e+05	55.642	4.156e-05	-0.880	2.168	7.350e-04	74.997
2596	137.224	2.700	0.654	121	7.560e+05	56.514	2.026e-05	-0.725	2.168	7.360e-04	67.803
17603	214.937	26.553	0.632	240	1.722e+06	74.358	1.790e-05	-0.829	2.156	8.100e-04	76.508
15033	177.622	13.683	0.503	288	8.484e+05	58.728	4.163e-05	-0.893	2.149	8.540e-04	120.477
14779	184.296	7.955	0.503	309	7.142e+05	55.452	7.102e-05	-0.819	2.149	8.560e-04	94.083
4637	200.281	0.600	0.663	125	7.280e+05	55.805	2.671e-05	-0.637	2.148	8.620e-04	77.203
13023	231.044	34.237	0.557	321	1.222e+06	66.314	3.389e-05	-0.890	2.147	8.690e-04	75.110
2629	163.369	-0.928	0.488	200	2.534e+05	39.254	7.150e-05	-0.804	2.139	9.300e-04	51.756
17502	218.398	25.559	0.502	98	3.296e+05	42.851	4.935e-05	-0.874	2.138	9.350e-04	77.960
8793	137.445	39.999	0.464	291	1.086e+06	63.756	3.824e-05	-0.849	2.131	9.840e-04	81.220
9009	160.818	42.484	0.646	140	1.198e+06	65.887	1.879e-05	-0.802	2.129	1.000e-03	112.036
16640	135.877	48.592	0.455	66	1.889e+05	35.594	5.944e-05	-0.713	2.124	1.040e-03	60.247
17126	134.607	24.456	0.491	178	3.045e+05	41.736	7.064e-05	-0.805	2.119	1.090e-03	68.255
6592	252.685	22.767	0.639	429	3.099e+06	90.445	1.629e-05	-0.865	2.110	1.160e-03	119.765
183	124.736	50.678	0.541	135	3.623e+05	44.222	6.285e-05	-0.817	2.109	1.180e-03	86.592
11120	148.954	3.777	0.549	351	1.038e+06	62.812	4.245e-05	-0.862	2.107	1.190e-03	76.127
11874	216.047	5.596	0.485	132	3.352e+05	43.094	5.432e-05	-0.851	2.104	1.220e-03	54.245
15443	229.500	8.740	0.501	408	9.464e+05	60.907	4.977e-05	-0.873	2.099	1.270e-03	70.081
22068	201.862	42.563	0.493	431	1.267e+06	67.133	3.564e-05	-0.909	2.097	1.290e-03	61.824
8549	116.446	32.966	0.463	56	1.583e+05	33.558	5.657e-05	-0.763	2.095	1.310e-03	58.475
15007	130.000	8.477	0.656	283	1.662e+06	73.483	1.657e-05	-0.775	2.090	1.360e-03	71.010
19657	165.409	27.681	0.510	274	8.027e+05	57.652	3.867e-05	-0.901	2.081	1.460e-03	187.075
14029	133.266	27.948	0.581	317	1.077e+06	63.583	3.900e-05	-0.837	2.079	1.490e-03	62.542
14952	156.026	10.620	0.594	238	1.091e+06	63.855	3.650e-05	-0.834	2.070	1.590e-03	196.756
12141	135.558	7.161	0.502	141	2.277e+05	37.879	9.487e-05	-0.756	2.070	1.590e-03	48.598
19858	161.724	27.140	0.613	180	8.934e+05	59.747	3.049e-05	-0.824	2.061	1.700e-03	181.932
12888	258.606	26.804	0.501	269	4.299e+05	46.818	7.225e-05	-0.816	2.059	1.730e-03	62.103
9889	145.501	37.344	0.518	162	4.242e+05	46.611	7.401e-05	-0.803	2.053	1.810e-03	206.161
1303	138.030	0.668	0.629	259	1.320e+06	68.053	2.171e-05	-0.742	2.052	1.820e-03	70.668
1047	129.253	39.992	0.538	64	1.328e+05	31.650	7.194e-05	-0.794	2.049	1.870e-03	42.985
4726	224.168	0.044	0.452	95	2.014e+05	36.362	4.835e-05	-0.766	2.038	2.020e-03	53.593
22164	202.995	49.504	0.540	522	1.823e+06	75.776	3.622e-05	-0.894	2.037	2.040e-03	178.101
8608	119.234	18.416	0.458	149	4.740e+05	48.369	3.886e-05	-0.772	2.035	2.070e-03	67.780
11043	157.531	6.621	0.482	605	2.165e+06	80.250	3.650e-05	-0.899	2.030	2.160e-03	98.718
7585	125.859	26.988	0.492	423	1.261e+06	67.013	3.834e-05	-0.899	2.025	2.230e-03	86.585
20037	209.130	40.286	0.489	73	1.358e+05	31.885	8.052e-05	-0.780	2.021	2.300e-03	55.424
11474	233.432	5.898	0.638	115	7.288e+05	55.827	2.925e-05	-0.757	2.021	2.300e-03	77.843
17643	218.915	25.226	0.462	285	7.577e+05	56.555	4.561e-05	-0.839	2.013	2.430e-03	72.215
276	118.041	47.108	0.489	330	7.076e+05	55.279	5.405e-05	-0.852	2.013	2.440e-03	67.544
16215	182.411	9.682	0.461	187	5.170e+05	49.788	5.366e-05	-0.826	2.012	2.460e-03	41.339
148	121.032	47.634	0.654	229	1.753e+06	74.792	1.746e-05	-0.816	2.012	2.460e-03	96.742
1364	173.770	1.587	0.497	506	1.646e+06	73.250	3.052e-05	-0.922	2.011	2.470e-03	57.659
16381	121.228	7.337	0.499	37	3.200e+04	19.696	1.609e-04	-0.556	2.008	2.540e-03	29.920
17291	145.586	29.082	0.541	247	5.933e+05	52.127	4.828e-05	-0.850	2.008	2.540e-03	116.262
18352	198.503	18.908	0.469	448	1.481e+06	70.718	3.808e-05	-0.890	2.005	2.590e-03	92.264
6272	247.836	14.921	0.600	597	2.491e+06	84.092	2.639e-05	-0.848	2.001	2.660e-03	93.325
19141	207.905	28.920	0.475	125	2.051e+05	36.586	7.372e-05	-0.791	2.000	2.680e-03	49.306
16374	120.862	9.312	0.480	51	4.044e+04	21.293	1.604e-04	-0.558	1.997	2.740e-03	31.704
9662	197.892	38.623	0.460	320	9.193e+05	60.320	3.741e-05	-0.843	1.997	2.750e-03	71.043
15329	219.240	9.030	0.571	510	2.159e+06	80.181	2.780e-05	-0.902	1.995	2.780e-03	146.058
12335	232.324	7.633	0.457	350	9.796e+05	61.610	4.059e-05	-0.839	1.995	2.790e-03	64.613
16079	215.096	16.044	0.475	82	2.496e+05	39.061	5.981e-05	-0.831	1.994	2.810e-03	106.728
21913	200.263	54.657	0.649	251	2.025e+06	78.480	1.872e-05	-0.778	1.991	2.870e-03	106.286
5989	217.773	-0.965	0.537	156	2.148e+05	37.154	7.105e-05	-0.793	1.988	2.930e-03	54.347
22124	178.895	44.425	0.655	173	1.340e+06	68.394	2.157e-05	-0.773	1.986	2.970e-03	92.981
11881	140.807	5.285	0.638	339	2.199e+06	80.672	1.922e-05	-0.816	1.982	3.070e-03	64.739
19612	201.267	28.931	0.644	354	2.766e+06	87.078	1.535e-05	-0.818	1.981	3.080e-03	106.863
21507	150.881	57.130	0.540	1216	4.839e+06	104.931	2.381e-05	-0.930	1.980	3.110e-03	142.341
14622	241.838	10.411	0.477	135	2.116e+05	36.965	7.119e-05	-0.805	1.976	3.200e-03	46.383
14901	144.727	8.356	0.638	390	3.187e+06	91.289	1.262e-05	-0.850	1.975	3.230e-03	129.808
19724	149.915	27.741	0.647	411	3.296e+06	92.325	1.665e-05	-0.774	1.973	3.280e-03	109.252
12909	230.188	37.032	0.497	119	4.252e+05	46.648	4.377e-05	-0.888	1.962	3.540e-03	69.098
19870	183.948	28.562	0.659	242	1.322e+06	68.091	2.670e-05	-0.745	1.961	3.560e-03	84.463
4687	206.793	-0.875	0.463	153	3.597e+05	44.120	5.044e-05	-0.800	1.961	3.560e-03	56.926
15591	194.637	15.129	0.463	307	9.213e+05	60.362	3.845e-05	-0.814	1.961	3.570e-03	78.569
21215	155.067	54.273	0.656	79	7.326e+05	55.923	1.902e-05	-0.714	1.959	3.630e-03	92.648
881	117.451	34.652	0.648	142	1.004e+06	62.119	2.344e-05	-0.733	1.958	3.650e-03	74.056
20222	213.085	62.581	0.461	227	5.866e+05	51.930	3.456e-05	-0.863	1.953	3.770e-03	62.248
899	123.446	39.072	0.574	226	8.711e+05	59.246	4.384e-05	-0.802	1.953	3.770e-03	69.931
19635	162.166	26.751	0.670	33	1.546e+05	33.293	3.138e-05	-0.528	1.953	3.780e-03	63.218
4738	216.995	0.186	0.645	242	1.163e+06	65.242	2.227e-05	-0.735	1.952	3.810e-03	84.342
9956	246.080	22.071	0.490	50	4.656e+04	22.317	1.324e-04	-0.635	1.948	3.920e-03	32.000
18662	240.112	42.180	0.505	563	1.672e+06	73.631	3.954e-05	-0.893	1.947	3.940e-03	175.398
141	125.875	51.482	0.497	345	9.727e+05	61.465	5.038e-05	-0.867	1.940	4.130e-03	61.187
18756	250.239	47.198	0.622	299	1.970e+06	77.773	2.235e-05	-0.871	1.940	4.160e-03	100.469
7200	118.085	32.017	0.658	107	8.069e+05	57.753	1.657e-05	-0.775	1.939	4.170e-03	86.681
21349	153.861	50.583	0.510	379	9.239e+05	60.419	5.693e-05	-0.854	1.939	4.170e-03	187.238
9094	188.246	43.770	0.566	215	6.911e+05	54.846	5.074e-05	-0.801	1.939	4.180e-03	64.462
22148	199.378	44.418	0.643	471	3.553e+06	94.659	1.443e-05	-0.828	1.934	4.320e-03	100.054
4680	230.790	1.045	0.658	55	2.609e+05	39.641	3.098e-05	-0.534	1.930	4.440e-03	65.485
3442	193.617	39.620	0.507	494	1.213e+06	66.153	5.465e-05	-0.860	1.930	4.440e-03	41.942
11658	241.691	5.032	0.480	44	4.521e+04	22.100	9.971e-05	-0.718	1.930	4.450e-03	38.947
18175	204.721	23.855	0.582	242	1.184e+06	65.620	3.590e-05	-0.852	1.930	4.450e-03	158.787
21959	225.251	51.287	0.475	247	7.217e+05	55.644	5.476e-05	-0.845	1.925	4.620e-03	61.442
21565	186.051	60.474	0.511	267	6.925e+05	54.885	4.743e-05	-0.875	1.924	4.630e-03	186.490
11396	197.761	5.660	0.610	89	4.480e+05	47.469	2.821e-05	-0.854	1.924	4.640e-03	72.392
21119	190.904	62.443	0.657	104	8.416e+05	58.569	1.761e-05	-0.791	1.922	4.710e-03	89.383
16630	138.344	48.675	0.574	172	6.789e+05	54.522	4.081e-05	-0.856	1.921	4.730e-03	130.941
11786	191.598	4.738	0.568	550	2.000e+06	78.156	3.546e-05	-0.875	1.921	4.740e-03	75.763
4678	226.974	0.355	0.605	328	1.295e+06	67.616	2.920e-05	-0.839	1.919	4.810e-03	75.464
21463	200.545	49.878	0.499	250	6.783e+05	54.507	5.212e-05	-0.867	1.918	4.850e-03	161.627
17833	203.226	26.146	0.522	149	4.859e+05	48.770	5.057e-05	-0.865	1.917	4.880e-03	144.001
15445	193.085	14.756	0.518	378	1.074e+06	63.520	4.725e-05	-0.872	1.917	4.880e-03	205.867
16196	138.686	11.982	0.653	193	1.686e+06	73.840	1.946e-05	-0.693	1.914	4.970e-03	97.522
4270	243.816	19.008	0.459	269	9.080e+05	60.072	4.168e-05	-0.825	1.913	5.020e-03	69.427
3441	193.925	39.112	0.568	67	1.910e+05	35.724	5.428e-05	-0.788	1.913	5.030e-03	45.332
19601	199.232	30.437	0.461	84	2.176e+05	37.315	4.633e-05	-0.836	1.912	5.060e-03	51.503
13703	227.372	37.616	0.573	219	6.222e+05	52.960	4.451e-05	-0.826	1.905	5.300e-03	80.852
4262	231.521	26.472	0.515	470	1.046e+06	62.968	6.231e-05	-0.834	1.905	5.320e-03	64.438
2634	165.797	-0.817	0.454	83	1.209e+05	30.679	7.180e-05	-0.653	1.904	5.360e-03	48.958
1236	186.739	-0.544	0.649	212	7.737e+05	56.950	2.973e-05	-0.687	1.903	5.370e-03	58.490
12591	243.297	26.857	0.561	403	7.965e+05	57.503	6.174e-05	-0.782	1.902	5.420e-03	57.640
2536	152.573	-0.563	0.540	130	2.854e+05	40.844	7.263e-05	-0.789	1.900	5.480e-03	53.983
8911	147.256	37.828	0.595	164	8.603e+05	59.000	4.003e-05	-0.818	1.896	5.650e-03	221.500
2235	147.461	-0.633	0.495	150	3.195e+05	42.408	5.280e-05	-0.854	1.895	5.670e-03	49.969
16693	140.364	49.459	0.470	249	7.268e+05	55.774	4.027e-05	-0.883	1.892	5.830e-03	94.283
12105	223.133	6.344	0.469	266	6.477e+05	53.674	4.211e-05	-0.864	1.882	6.230e-03	69.434
887	121.662	37.898	0.483	152	2.941e+05	41.254	6.922e-05	-0.811	1.880	6.310e-03	49.460
12778	258.511	26.950	0.477	89	2.033e+05	36.479	6.377e-05	-0.815	1.880	6.320e-03	45.761
16311	201.662	7.986	0.511	67	1.529e+05	33.173	7.515e-05	-0.807	1.879	6.380e-03	111.338
22602	226.184	57.685	0.648	220	1.758e+06	74.874	2.400e-05	-0.639	1.878	6.380e-03	108.138
14960	156.786	11.099	0.554	239	8.491e+05	58.744	4.021e-05	-0.867	1.877	6.430e-03	201.946
11374	187.134	4.371	0.659	132	9.529e+05	61.046	2.897e-05	-0.606	1.877	6.430e-03	88.201
20199	224.958	58.712	0.532	95	2.916e+05	41.139	5.024e-05	-0.853	1.877	6.460e-03	81.574
11752	179.681	3.292	0.457	81	2.080e+05	36.753	7.584e-05	-0.700	1.874	6.570e-03	48.942
5285	227.787	0.513	0.653	66	2.974e+05	41.409	3.177e-05	-0.568	1.871	6.730e-03	68.770
15562	167.948	15.084	0.663	85	4.825e+05	48.656	2.289e-05	-0.656	1.869	6.820e-03	76.807
15417	205.911	9.249	0.452	59	1.533e+05	33.199	6.422e-05	-0.690	1.868	6.870e-03	53.289
21616	176.092	54.264	0.651	189	1.912e+06	76.990	1.523e-05	-0.819	1.862	7.150e-03	101.268
21937	224.392	50.225	0.615	43	1.961e+05	36.040	5.579e-05	-0.659	1.858	7.360e-03	119.485
14673	171.889	9.053	0.632	524	4.153e+06	99.712	1.977e-05	-0.825	1.857	7.390e-03	142.031
3559	217.570	32.725	0.656	157	1.016e+06	62.371	2.532e-05	-0.699	1.856	7.420e-03	92.379
15046	169.489	15.168	0.463	274	9.270e+05	60.487	3.612e-05	-0.872	1.856	7.420e-03	79.464
4350	237.349	19.950	0.545	380	1.396e+06	69.340	3.613e-05	-0.897	1.854	7.520e-03	138.503
11495	124.772	3.454	0.485	117	1.683e+05	34.251	1.209e-04	-0.681	1.852	7.640e-03	43.153
9813	175.455	34.044	0.458	113	3.360e+05	43.129	6.087e-05	-0.759	1.849	7.810e-03	67.246
1211	153.712	-0.750	0.512	52	8.298e+04	27.058	9.369e-05	-0.754	1.847	7.900e-03	47.384
1255	141.550	-0.561	0.573	139	2.889e+05	41.007	6.545e-05	-0.769	1.847	7.930e-03	50.766
15511	215.893	13.208	0.525	262	7.506e+05	56.378	5.584e-05	-0.851	1.845	8.040e-03	220.234
5072	219.904	0.762	0.605	219	7.861e+05	57.254	3.241e-05	-0.822	1.844	8.070e-03	68.010
14252	244.999	33.785	0.588	240	1.234e+06	66.547	3.276e-05	-0.831	1.842	8.200e-03	82.064
17794	141.138	24.900	0.475	340	1.330e+06	68.221	3.531e-05	-0.875	1.842	8.210e-03	67.778
1357	164.070	-0.819	0.583	208	5.112e+05	49.603	5.594e-05	-0.747	1.841	8.250e-03	59.132
3524	205.064	35.822	0.539	408	1.071e+06	63.473	5.263e-05	-0.855	1.840	8.270e-03	76.669
11216	200.286	4.999	0.517	97	1.908e+05	35.714	9.350e-05	-0.751	1.840	8.280e-03	45.882
19841	150.344	22.694	0.576	306	1.549e+06	71.770	2.695e-05	-0.861	1.839	8.340e-03	177.898
21589	174.212	49.094	0.538	269	1.098e+06	64.003	4.161e-05	-0.885	1.839	8.370e-03	250.440
16911	129.404	59.382	0.478	38	5.668e+04	23.830	1.442e-04	-0.605	1.837	8.460e-03	43.681
15951	152.581	14.419	0.641	423	3.404e+06	93.318	1.585e-05	-0.820	1.837	8.480e-03	124.004
17737	135.006	22.627	0.518	163	4.550e+05	47.714	4.939e-05	-0.866	1.836	8.550e-03	68.175
22586	230.790	58.336	0.559	263	8.773e+05	59.387	3.904e-05	-0.871	1.834	8.630e-03	59.317
4204	235.911	25.675	0.512	339	6.738e+05	54.384	6.614e-05	-0.826	1.833	8.690e-03	60.365
12126	133.333	6.939	0.626	46	1.662e+05	34.104	3.784e-05	-0.714	1.833	8.690e-03	48.614
15737	132.568	17.375	0.509	180	2.850e+05	40.824	8.691e-05	-0.776	1.828	8.980e-03	52.731
21432	173.998	48.315	0.463	235	8.189e+05	58.039	4.706e-05	-0.833	1.828	9.020e-03	77.722
10757	181.156	2.828	0.490	49	9.265e+04	28.071	1.031e-04	-0.716	1.827	9.030e-03	52.012
14253	239.285	37.744	0.493	88	3.250e+05	42.652	6.203e-05	-0.830	1.827	9.040e-03	148.755
12768	259.361	26.162	0.620	58	2.786e+05	40.514	3.162e-05	-0.768	1.826	9.110e-03	61.323
17188	140.297	33.357	0.541	411	1.588e+06	72.382	3.013e-05	-0.900	1.823	9.320e-03	175.256
8529	115.287	32.789	0.498	78	1.417e+05	32.342	7.745e-05	-0.796	1.821	9.460e-03	47.405
18319	167.005	20.388	0.485	433	1.623e+06	72.904	3.892e-05	-0.887	1.818	9.620e-03	129.076
20890	171.703	62.088	0.640	346	2.895e+06	88.410	1.896e-05	-0.861	1.817	9.660e-03	124.019
18716	230.402	43.550	0.451	22	6.152e+04	24.489	8.227e-05	-0.655	1.817	9.680e-03	52.091
16296	160.265	11.249	0.530	710	2.940e+06	88.867	3.246e-05	-0.907	1.817	9.680e-03	231.685
16260	157.278	16.169	0.532	260	8.949e+05	59.781	4.447e-05	-0.871	1.816	9.730e-03	164.979
14689	232.097	12.725	0.648	171	9.365e+05	60.694	2.409e-05	-0.714	1.816	9.750e-03	80.493
9026	165.215	43.530	0.555	137	4.518e+05	47.602	5.672e-05	-0.812	1.815	9.810e-03	288.917
21843	174.657	56.341	0.519	226	5.142e+05	49.700	7.457e-05	-0.794	1.813	9.950e-03	208.540
16192	148.407	14.246	0.533	189	7.470e+05	56.286	4.554e-05	-0.867	1.810	1.010e-02	137.831
16268	161.036	16.922	0.505	186	5.329e+05	50.295	5.319e-05	-0.863	1.808	1.030e-02	176.928
19273	164.037	33.231	0.512	108	2.887e+05	40.999	6.217e-05	-0.837	1.806	1.040e-02	192.527
19904	178.868	25.340	0.605	257	1.229e+06	66.447	2.976e-05	-0.801	1.803	1.060e-02	134.398
1395	184.962	-0.390	0.534	56	6.872e+04	25.410	1.211e-04	-0.653	1.799	1.090e-02	39.201
6764	250.989	25.945	0.543	211	5.461e+05	50.707	6.131e-05	-0.822	1.799	1.090e-02	64.048
18632	242.368	42.636	0.459	251	6.481e+05	53.686	3.997e-05	-0.832	1.798	1.100e-02	69.606
1270	155.970	-0.875	0.537	171	2.986e+05	41.462	6.712e-05	-0.808	1.797	1.110e-02	50.334
890	119.454	35.191	0.579	158	6.299e+05	53.178	4.901e-05	-0.795	1.796	1.110e-02	73.119
21120	191.681	62.314	0.616	237	1.528e+06	71.451	2.705e-05	-0.819	1.796	1.120e-02	160.751
18411	191.773	16.916	0.479	209	5.496e+05	50.815	4.822e-05	-0.868	1.794	1.130e-02	116.007
6678	256.588	22.216	0.628	40	6.440e+04	24.866	5.473e-05	-0.634	1.790	1.160e-02	45.964
15010	133.225	7.341	0.513	149	2.258e+05	37.777	8.976e-05	-0.761	1.790	1.160e-02	45.389
8101	121.871	15.451	0.478	129	5.394e+05	50.498	5.836e-05	-0.840	1.790	1.160e-02	110.350
19989	177.092	26.006	0.456	203	5.673e+05	51.355	5.084e-05	-0.787	1.789	1.170e-02	63.162
9847	180.403	32.860	0.461	144	4.112e+05	46.131	5.515e-05	-0.782	1.788	1.170e-02	59.886
5990	217.981	-0.365	0.508	311	6.816e+05	54.595	5.547e-05	-0.857	1.787	1.180e-02	65.302
19957	169.103	20.977	0.576	133	3.641e+05	44.299	5.447e-05	-0.776	1.787	1.180e-02	134.327
19613	188.006	29.521	0.538	300	9.738e+05	61.489	4.563e-05	-0.874	1.787	1.180e-02	89.388
17328	220.054	26.920	0.499	36	4.660e+04	22.323	1.064e-04	-0.729	1.786	1.190e-02	37.037
12747	254.916	30.779	0.541	249	7.122e+05	55.399	4.928e-05	-0.857	1.783	1.210e-02	60.226
12360	226.578	6.060	0.458	105	2.536e+05	39.265	4.810e-05	-0.810	1.783	1.220e-02	59.346
10833	158.003	2.862	0.616	18	6.605e+04	25.076	4.789e-05	-0.724	1.782	1.220e-02	42.913
19839	164.666	25.125	0.624	148	9.602e+05	61.201	2.863e-05	-0.783	1.782	1.220e-02	158.898
13929	132.276	30.919	0.526	158	1.721e+05	34.505	8.648e-05	-0.762	1.781	1.230e-02	44.107
13931	133.575	31.836	0.572	260	7.330e+05	55.933	5.077e-05	-0.801	1.781	1.230e-02	64.225
12135	129.854	5.672	0.488	33	4.539e+04	22.129	1.219e-04	-0.664	1.781	1.230e-02	31.128
11861	208.226	5.310	0.577	109	3.349e+05	43.079	5.617e-05	-0.744	1.780	1.240e-02	54.868
4282	230.240	22.849	0.553	228	6.473e+05	53.662	3.345e-05	-0.889	1.779	1.250e-02	69.561
21985	204.181	55.706	0.456	152	3.465e+05	43.573	6.195e-05	-0.740	1.778	1.250e-02	65.062
11128	166.289	4.245	0.579	58	3.068e+05	41.839	3.874e-05	-0.838	1.777	1.260e-02	70.208
14984	150.589	10.021	0.471	307	1.071e+06	63.479	3.650e-05	-0.882	1.777	1.270e-02	97.808
14345	247.612	39.902	0.477	531	1.811e+06	75.612	3.928e-05	-0.886	1.777	1.270e-02	111.223
15232	217.846	10.671	0.488	121	2.412e+05	38.616	7.694e-05	-0.789	1.776	1.270e-02	137.524
3606	206.866	36.398	0.605	219	8.595e+05	58.982	3.139e-05	-0.819	1.776	1.270e-02	69.746
16553	136.335	58.610	0.469	536	1.603e+06	72.599	4.537e-05	-0.853	1.775	1.280e-02	94.872
17861	144.877	22.537	0.661	46	3.431e+05	43.431	2.299e-05	-0.637	1.774	1.290e-02	81.241
4661	231.953	0.944	0.465	95	2.164e+05	37.244	6.055e-05	-0.786	1.771	1.310e-02	50.957
898	122.236	38.802	0.520	221	4.431e+05	47.296	6.027e-05	-0.834	1.770	1.320e-02	49.228
19781	187.454	31.370	0.559	36	8.123e+04	26.866	9.086e-05	-0.698	1.766	1.360e-02	42.054
15595	197.773	12.503	0.663	121	9.826e+05	61.674	2.713e-05	-0.592	1.763	1.380e-02	77.915
734	111.200	40.586	0.553	23	1.756e+04	16.123	1.365e-04	-0.556	1.763	1.380e-02	33.238
8772	151.594	44.012	0.507	272	6.335e+05	53.279	6.868e-05	-0.814	1.762	1.390e-02	179.649
14854	193.314	10.844	0.511	264	9.064e+05	60.035	4.151e-05	-0.894	1.762	1.390e-02	183.253
14307	250.395	30.901	0.500	211	5.640e+05	51.255	5.548e-05	-0.854	1.762	1.400e-02	58.127
17894	183.438	24.447	0.552	362	1.184e+06	65.635	3.739e-05	-0.891	1.761	1.400e-02	181.004
17822	201.289	26.094	0.461	153	6.063e+05	52.504	4.037e-05	-0.805	1.761	1.400e-02	75.978
15251	196.406	11.659	0.563	445	2.178e+06	80.408	2.698e-05	-0.889	1.759	1.420e-02	216.406
22048	185.406	47.883	0.552	131	4.809e+05	48.601	5.218e-05	-0.838	1.759	1.420e-02	164.127
9931	231.362	27.930	0.463	222	4.726e+05	48.322	4.622e-05	-0.836	1.758	1.430e-02	54.917
3491	197.682	35.898	0.649	29	2.127e+05	37.032	3.393e-05	-0.675	1.757	1.440e-02	56.018
906	122.250	39.925	0.471	63	6.592e+04	25.060	1.303e-04	-0.623	1.756	1.440e-02	38.307
353	122.482	52.167	0.617	188	1.016e+06	62.370	1.904e-05	-0.860	1.756	1.450e-02	82.050
19789	157.330	30.931	0.453	196	5.923e+05	52.098	5.208e-05	-0.781	1.755	1.460e-02	56.441
13055	236.789	33.413	0.652	235	1.969e+06	77.758	1.704e-05	-0.798	1.754	1.470e-02	99.985
773	119.151	37.103	0.548	63	1.237e+05	30.914	8.686e-05	-0.717	1.754	1.470e-02	46.178
21833	208.156	48.005	0.572	490	1.931e+06	77.245	3.868e-05	-0.825	1.754	1.470e-02	227.385
139	119.043	43.931	0.531	376	8.605e+05	59.004	5.156e-05	-0.850	1.752	1.480e-02	60.509
4653	202.753	-0.070	0.464	280	6.405e+05	53.474	4.715e-05	-0.813	1.751	1.500e-02	73.730
13608	128.501	53.710	0.525	249	7.578e+05	56.558	5.359e-05	-0.859	1.749	1.510e-02	54.951
14443	232.562	8.220	0.541	130	4.419e+05	47.250	4.850e-05	-0.850	1.749	1.520e-02	71.904
9816	180.997	34.628	0.660	149	7.787e+05	57.073	2.772e-05	-0.562	1.747	1.540e-02	82.384
4241	234.264	23.718	0.660	153	1.174e+06	65.442	2.442e-05	-0.614	1.746	1.540e-02	84.003
18590	224.647	42.725	0.659	37	3.305e+05	42.889	2.192e-05	-0.670	1.746	1.540e-02	84.200
19825	176.624	29.067	0.509	405	1.198e+06	65.890	4.738e-05	-0.878	1.745	1.560e-02	152.787
21396	157.354	48.857	0.559	416	1.717e+06	74.281	2.941e-05	-0.896	1.744	1.570e-02	297.452
4335	229.988	20.961	0.459	398	9.995e+05	62.025	3.827e-05	-0.839	1.743	1.570e-02	70.864
20968	197.323	65.043	0.514	333	7.606e+05	56.628	6.374e-05	-0.832	1.743	1.580e-02	55.943
7658	118.432	19.562	0.585	146	8.128e+05	57.894	3.788e-05	-0.829	1.742	1.590e-02	104.638
15070	180.852	15.020	0.561	111	1.790e+05	34.963	1.061e-04	-0.648	1.741	1.590e-02	137.228
21562	182.443	59.499	0.557	221	7.353e+05	55.993	4.686e-05	-0.845	1.741	1.590e-02	223.728
16153	155.696	16.937	0.655	197	1.757e+06	74.853	1.313e-05	-0.844	1.739	1.610e-02	93.518
4156	241.870	25.035	0.465	63	1.519e+05	33.097	6.005e-05	-0.762	1.738	1.620e-02	45.759
18618	234.961	42.790	0.597	468	2.388e+06	82.918	3.314e-05	-0.829	1.738	1.620e-02	133.310
16507	145.298	46.406	0.672	39	2.931e+05	41.209	2.482e-05	-0.608	1.738	1.630e-02	60.136
2607	134.689	2.610	0.471	206	4.749e+05	48.400	6.618e-05	-0.819	1.738	1.630e-02	52.691
15616	198.151	14.281	0.600	100	5.861e+05	51.914	3.092e-05	-0.840	1.737	1.630e-02	211.241
12543	179.496	5.525	0.500	259	6.145e+05	52.739	6.994e-05	-0.821	1.736	1.640e-02	94.286
16497	135.713	52.541	0.478	138	4.831e+05	48.677	4.846e-05	-0.867	1.736	1.650e-02	93.885
12263	200.632	6.304	0.656	150	1.037e+06	62.799	2.212e-05	-0.737	1.736	1.650e-02	89.666
7610	124.101	26.647	0.576	258	1.271e+06	67.201	4.480e-05	-0.825	1.735	1.650e-02	114.591
13615	128.868	55.329	0.565	109	4.234e+05	46.581	4.498e-05	-0.841	1.735	1.650e-02	50.999
21161	231.672	51.066	0.487	57	9.376e+04	28.183	1.140e-04	-0.688	1.735	1.650e-02	48.630
17190	148.483	32.669	0.473	125	4.758e+05	48.430	4.736e-05	-0.863	1.735	1.660e-02	101.929
4681	196.911	0.437	0.547	291	7.201e+05	55.604	4.499e-05	-0.851	1.734	1.660e-02	56.137
3697	194.365	33.643	0.641	235	1.351e+06	68.586	2.316e-05	-0.685	1.734	1.670e-02	59.720
4362	231.828	18.899	0.662	39	1.983e+05	36.175	3.664e-05	-0.502	1.734	1.670e-02	71.343
3521	197.980	37.565	0.506	170	4.754e+05	48.418	7.428e-05	-0.802	1.733	1.680e-02	85.258
6772	250.287	26.285	0.593	195	6.208e+05	52.919	4.002e-05	-0.819	1.732	1.680e-02	53.667
17772	145.850	22.558	0.462	140	3.982e+05	45.640	5.907e-05	-0.766	1.729	1.720e-02	77.264
16610	136.324	49.187	0.655	163	1.485e+06	70.769	1.773e-05	-0.789	1.729	1.720e-02	93.692
7635	123.577	26.117	0.460	184	6.247e+05	53.031	4.353e-05	-0.846	1.727	1.740e-02	71.483
15596	201.813	13.668	0.463	194	6.354e+05	53.332	4.841e-05	-0.843	1.726	1.750e-02	77.850
21868	172.937	46.448	0.650	271	2.248e+06	81.266	2.347e-05	-0.681	1.725	1.770e-02	104.089
15240	165.230	12.657	0.640	122	8.373e+05	58.470	3.366e-05	-0.678	1.725	1.770e-02	125.285
18106	200.485	22.071	0.460	255	9.758e+05	61.530	4.183e-05	-0.852	1.724	1.780e-02	72.651
6161	248.666	17.316	0.643	242	1.691e+06	73.905	2.005e-05	-0.762	1.723	1.790e-02	94.330
12467	240.019	11.599	0.496	100	1.713e+05	34.452	9.463e-05	-0.759	1.720	1.820e-02	42.840
12777	259.303	26.513	0.593	97	3.093e+05	41.955	3.899e-05	-0.808	1.719	1.830e-02	47.881
6214	241.971	19.115	0.645	232	2.307e+06	81.969	1.785e-05	-0.788	1.718	1.850e-02	113.471
21258	168.998	54.523	0.522	196	5.653e+05	51.295	6.239e-05	-0.831	1.717	1.860e-02	214.095
16016	225.843	12.934	0.595	105	6.954e+05	54.961	3.118e-05	-0.847	1.717	1.860e-02	120.235
8978	149.234	35.676	0.455	137	4.803e+05	48.582	4.668e-05	-0.804	1.716	1.870e-02	61.385
2628	161.019	-0.288	0.662	50	3.364e+05	43.145	2.739e-05	-0.568	1.716	1.870e-02	78.918
16300	199.556	11.447	0.623	46	2.972e+05	41.397	4.415e-05	-0.676	1.714	1.890e-02	161.372
7685	116.682	19.581	0.560	150	4.029e+05	45.819	4.672e-05	-0.835	1.714	1.890e-02	61.083
5079	224.651	0.487	0.651	173	8.347e+05	58.408	2.760e-05	-0.709	1.713	1.900e-02	81.704
17908	193.443	25.632	0.529	238	7.186e+05	55.564	3.695e-05	-0.898	1.713	1.910e-02	190.998
13604	131.281	52.186	0.658	33	2.546e+05	39.316	2.888e-05	-0.607	1.713	1.910e-02	73.191
14869	188.578	9.854	0.531	578	1.972e+06	77.786	3.722e-05	-0.897	1.712	1.910e-02	193.071
20938	216.743	61.153	0.493	322	8.491e+05	58.744	4.676e-05	-0.871	1.712	1.920e-02	75.229
14851	176.530	10.947	0.487	319	8.270e+05	58.230	4.999e-05	-0.862	1.711	1.920e-02	94.400
19902	169.850	23.788	0.550	124	3.864e+05	45.184	5.461e-05	-0.831	1.710	1.940e-02	104.445
310	115.895	43.002	0.496	290	5.656e+05	51.302	6.317e-05	-0.826	1.710	1.940e-02	70.109
3298	214.769	34.420	0.539	101	1.802e+05	35.036	9.758e-05	-0.721	1.710	1.940e-02	57.672
17314	136.628	25.141	0.580	255	8.817e+05	59.485	3.587e-05	-0.837	1.709	1.950e-02	128.720
21443	180.971	49.733	0.545	284	1.003e+06	62.104	4.478e-05	-0.870	1.709	1.960e-02	231.206
21788	224.759	54.917	0.482	174	5.057e+05	49.425	6.991e-05	-0.809	1.708	1.960e-02	79.347
4620	197.550	-0.076	0.489	78	1.311e+05	31.513	9.708e-05	-0.732	1.708	1.960e-02	48.300
15466	211.661	12.467	0.595	44	1.939e+05	35.907	4.820e-05	-0.763	1.708	1.970e-02	205.081
2236	149.677	-0.704	0.460	161	2.782e+05	40.499	6.271e-05	-0.697	1.706	2.000e-02	51.867
18030	196.331	22.504	0.635	258	1.944e+06	77.419	2.010e-05	-0.833	1.705	2.000e-02	135.783
46	115.372	38.180	0.468	133	2.000e+05	36.280	7.842e-05	-0.746	1.705	2.010e-02	36.385
9757	168.878	37.382	0.510	207	5.904e+05	52.042	6.841e-05	-0.824	1.704	2.020e-02	187.762
14993	152.599	10.728	0.606	71	3.344e+05	43.059	4.635e-05	-0.760	1.703	2.020e-02	196.893
17178	146.106	34.085	0.568	253	9.594e+05	61.185	3.933e-05	-0.846	1.703	2.020e-02	240.847
15273	178.527	7.178	0.543	262	8.756e+05	59.347	4.999e-05	-0.857	1.703	2.030e-02	74.740
13551	216.867	38.744	0.628	139	6.739e+05	54.388	3.730e-05	-0.726	1.703	2.030e-02	57.862
22014	194.521	46.938	0.548	362	1.120e+06	64.425	4.739e-05	-0.843	1.701	2.050e-02	156.174
18624	237.101	46.479	0.610	233	1.260e+06	67.001	2.897e-05	-0.823	1.701	2.050e-02	187.784
17698	213.157	22.945	0.662	107	8.773e+05	59.386	2.126e-05	-0.680	1.701	2.060e-02	78.712
21112	209.444	58.943	0.564	313	1.289e+06	67.514	4.570e-05	-0.839	1.699	2.080e-02	159.155
17146	164.278	17.209	0.496	120	2.940e+05	41.248	8.056e-05	-0.794	1.699	2.080e-02	154.478
13605	134.625	54.780	0.589	261	1.362e+06	68.757	3.306e-05	-0.837	1.698	2.090e-02	140.080
15191	159.806	10.148	0.642	303	2.699e+06	86.374	2.097e-05	-0.715	1.698	2.090e-02	120.588
8920	144.585	36.365	0.658	164	1.465e+06	70.463	2.126e-05	-0.711	1.698	2.090e-02	86.956
11196	124.929	3.452	0.559	165	3.522e+05	43.811	8.485e-05	-0.724	1.697	2.100e-02	46.377
6231	245.490	15.726	0.533	375	1.120e+06	64.422	5.035e-05	-0.861	1.697	2.100e-02	93.822
13181	246.227	30.633	0.563	153	5.077e+05	49.488	5.208e-05	-0.827	1.696	2.120e-02	94.451
1253	139.555	-0.047	0.596	115	3.800e+05	44.935	4.691e-05	-0.769	1.695	2.130e-02	58.529
21702	206.853	53.332	0.648	136	1.273e+06	67.235	2.095e-05	-0.715	1.695	2.140e-02	107.774
16506	150.807	45.755	0.643	181	1.404e+06	69.465	2.538e-05	-0.698	1.693	2.160e-02	119.072
7409	126.976	30.477	0.663	32	1.853e+05	35.366	3.614e-05	-0.509	1.692	2.170e-02	69.100
15953	146.057	14.934	0.478	68	2.150e+05	37.162	6.116e-05	-0.833	1.692	2.170e-02	113.530
1171	194.260	-0.370	0.517	73	1.324e+05	31.619	9.064e-05	-0.758	1.692	2.180e-02	45.837
14212	133.415	20.232	0.500	160	2.954e+05	41.315	6.861e-05	-0.825	1.691	2.190e-02	51.700
21437	195.593	49.658	0.468	155	4.356e+05	47.026	6.358e-05	-0.775	1.691	2.190e-02	91.713
12627	243.745	27.586	0.458	60	1.293e+05	31.373	7.133e-05	-0.701	1.691	2.190e-02	56.348
22230	212.257	48.531	0.512	185	4.529e+05	47.640	6.039e-05	-0.845	1.691	2.190e-02	191.360
20209	240.059	50.762	0.638	505	4.729e+06	104.126	1.747e-05	-0.801	1.691	2.190e-02	129.557
7075	117.213	27.956	0.564	120	4.369e+05	47.071	5.336e-05	-0.823	1.690	2.200e-02	65.820
19903	176.098	24.120	0.593	112	4.270e+05	46.713	4.302e-05	-0.804	1.689	2.210e-02	64.668
2616	153.316	-0.499	0.576	77	2.282e+05	37.911	5.180e-05	-0.797	1.689	2.210e-02	49.766
283	121.960	52.621	0.470	147	2.823e+05	40.695	7.584e-05	-0.755	1.689	2.220e-02	53.385
21819	198.978	47.591	0.577	265	9.357e+05	60.675	4.513e-05	-0.814	1.688	2.220e-02	181.295
19995	170.921	24.414	0.618	284	1.257e+06	66.953	3.770e-05	-0.748	1.688	2.220e-02	87.805
12018	160.435	6.858	0.602	359	2.166e+06	80.260	2.186e-05	-0.866	1.688	2.230e-02	156.908
14367	238.579	38.824	0.617	236	1.629e+06	72.994	2.557e-05	-0.812	1.688	2.230e-02	173.775
17851	138.765	19.200	0.655	142	1.156e+06	65.102	1.706e-05	-0.768	1.687	2.240e-02	93.909
6576	253.727	19.974	0.600	83	1.988e+05	36.208	8.379e-05	-0.588	1.687	2.250e-02	44.133
15190	224.135	9.150	0.511	237	6.171e+05	52.815	6.754e-05	-0.820	1.687	2.250e-02	136.473
21899	192.242	46.368	0.629	187	1.288e+06	67.491	2.965e-05	-0.802	1.685	2.280e-02	147.796
14868	188.216	11.150	0.486	313	7.151e+05	55.475	6.374e-05	-0.832	1.685	2.280e-02	133.019
21759	222.427	52.381	0.522	221	6.560e+05	53.902	6.020e-05	-0.834	1.685	2.280e-02	96.862
11147	152.082	3.954	0.517	89	1.679e+05	34.223	8.168e-05	-0.785	1.682	2.310e-02	48.550
17114	227.154	20.985	0.515	55	5.894e+04	24.142	1.601e-04	-0.573	1.682	2.320e-02	36.022
17405	219.666	25.442	0.648	129	7.972e+05	57.522	2.864e-05	-0.726	1.682	2.320e-02	72.362
11926	202.269	6.054	0.537	158	3.704e+05	44.551	6.150e-05	-0.824	1.681	2.330e-02	67.856
9689	169.700	37.607	0.653	143	1.145e+06	64.906	2.099e-05	-0.761	1.681	2.330e-02	97.035
4723	212.033	-0.205	0.614	260	1.066e+06	63.380	3.466e-05	-0.800	1.680	2.350e-02	86.196
970	119.926	33.766	0.481	300	9.454e+05	60.886	4.144e-05	-0.866	1.679	2.350e-02	91.128
18083	159.972	20.424	0.651	151	1.301e+06	67.720	2.197e-05	-0.670	1.679	2.360e-02	102.097
4860	195.859	0.982	0.458	39	5.737e+04	23.926	1.025e-04	-0.570	1.676	2.410e-02	43.089
17072	174.069	16.212	0.575	50	1.318e+05	31.574	8.617e-05	-0.645	1.674	2.430e-02	180.650
17847	138.767	18.837	0.546	194	6.290e+05	53.152	4.818e-05	-0.859	1.671	2.470e-02	181.955
4875	230.211	1.084	0.533	111	2.814e+05	40.654	6.787e-05	-0.816	1.671	2.480e-02	53.356
1219	163.835	-0.736	0.651	114	5.622e+05	51.200	2.822e-05	-0.665	1.669	2.510e-02	67.018
15447	197.691	13.927	0.523	283	1.006e+06	62.156	4.324e-05	-0.881	1.669	2.510e-02	213.511
7993	126.592	19.814	0.634	72	6.674e+05	54.212	2.098e-05	-0.826	1.669	2.510e-02	86.429
14866	176.591	10.650	0.547	344	1.322e+06	68.091	4.928e-05	-0.837	1.667	2.540e-02	100.172
21397	160.444	50.191	0.490	114	2.317e+05	38.101	7.645e-05	-0.805	1.667	2.540e-02	142.654
14840	190.703	8.529	0.655	106	8.773e+05	59.386	2.371e-05	-0.718	1.666	2.550e-02	93.051
13598	134.997	52.925	0.628	81	6.162e+05	52.788	2.861e-05	-0.809	1.666	2.550e-02	119.472
20250	168.175	66.050	0.515	97	1.014e+05	28.928	1.026e-04	-0.730	1.665	2.570e-02	43.261
14368	250.219	30.571	0.644	75	4.705e+05	48.248	3.095e-05	-0.704	1.665	2.580e-02	66.187
16021	225.870	12.870	0.462	298	1.106e+06	64.148	3.370e-05	-0.837	1.664	2.590e-02	75.383
9724	173.990	41.386	0.459	291	8.673e+05	59.161	4.773e-05	-0.800	1.663	2.600e-02	69.653
18739	249.353	50.312	0.659	158	1.062e+06	63.290	2.006e-05	-0.727	1.662	2.620e-02	84.815
22100	206.034	42.797	0.565	580	2.334e+06	82.288	2.861e-05	-0.905	1.661	2.630e-02	91.937
7247	122.775	30.055	0.514	127	2.964e+05	41.362	6.836e-05	-0.820	1.661	2.630e-02	42.368
19828	155.780	22.979	0.566	82	2.730e+05	40.242	7.122e-05	-0.749	1.661	2.640e-02	226.960
6575	249.798	24.984	0.507	162	3.375e+05	43.190	7.170e-05	-0.809	1.660	2.650e-02	49.388
19174	155.192	32.921	0.579	151	6.785e+05	54.512	3.911e-05	-0.822	1.660	2.660e-02	255.298
12019	160.116	6.762	0.551	109	3.775e+05	44.835	5.707e-05	-0.823	1.659	2.670e-02	143.031
11872	213.914	5.726	0.552	181	3.908e+05	45.356	5.043e-05	-0.836	1.659	2.680e-02	62.786
7976	119.149	14.631	0.579	300	9.803e+05	61.624	3.850e-05	-0.825	1.659	2.680e-02	62.240
12804	258.376	29.798	0.465	96	2.523e+05	39.198	4.013e-05	-0.858	1.658	2.690e-02	56.349
9083	189.842	41.991	0.506	27	3.171e+04	19.635	1.781e-04	-0.545	1.657	2.700e-02	37.417
9168	192.466	42.309	0.635	138	6.922e+05	54.875	2.826e-05	-0.749	1.656	2.720e-02	61.475
21422	182.891	49.671	0.580	137	5.776e+05	51.662	4.755e-05	-0.804	1.654	2.760e-02	227.991
1943	173.050	-0.759	0.564	231	7.035e+05	55.174	4.787e-05	-0.844	1.653	2.780e-02	58.348
3302	225.891	30.137	0.654	135	6.289e+05	53.148	2.720e-05	-0.677	1.653	2.780e-02	72.577
9052	230.231	35.119	0.464	229	7.409e+05	56.135	4.007e-05	-0.870	1.652	2.780e-02	74.032
8992	149.089	37.630	0.559	192	7.613e+05	56.644	4.896e-05	-0.827	1.651	2.800e-02	297.216
19817	165.583	26.646	0.644	97	6.363e+05	53.356	2.941e-05	-0.739	1.651	2.800e-02	115.792
7404	126.305	29.961	0.571	211	6.561e+05	53.905	4.763e-05	-0.814	1.651	2.810e-02	75.864
11932	170.961	6.642	0.520	176	3.682e+05	44.464	5.936e-05	-0.842	1.651	2.810e-02	99.634
17793	148.408	26.246	0.528	225	5.324e+05	50.278	5.872e-05	-0.829	1.651	2.810e-02	117.651
22741	177.811	46.224	0.497	163	5.264e+05	50.090	4.893e-05	-0.871	1.649	2.840e-02	157.066
14385	241.929	7.448	0.492	65	1.777e+05	34.876	7.388e-05	-0.805	1.649	2.840e-02	58.264
16512	131.716	59.330	0.661	64	4.629e+05	47.990	2.788e-05	-0.581	1.648	2.850e-02	75.133
16031	218.348	14.376	0.461	121	4.440e+05	47.325	4.956e-05	-0.804	1.648	2.850e-02	73.723
10595	188.053	3.454	0.516	411	9.663e+05	61.329	6.037e-05	-0.841	1.648	2.860e-02	61.992
22188	219.178	48.130	0.468	190	6.082e+05	52.561	4.246e-05	-0.863	1.648	2.860e-02	90.159
18504	246.460	45.917	0.654	109	9.342e+05	60.644	2.200e-05	-0.653	1.647	2.870e-02	94.905
19161	169.499	21.085	0.457	160	5.563e+05	51.020	5.098e-05	-0.820	1.647	2.880e-02	64.533
17926	190.881	25.504	0.621	136	7.986e+05	57.554	3.588e-05	-0.736	1.646	2.890e-02	164.938
19434	207.992	29.093	0.501	184	2.781e+05	40.494	8.559e-05	-0.781	1.646	2.900e-02	49.443
21271	158.851	52.871	0.476	203	3.727e+05	44.645	9.269e-05	-0.746	1.644	2.920e-02	108.783
10550	187.358	1.551	0.588	46	1.069e+05	29.444	9.160e-05	-0.583	1.643	2.950e-02	35.837
15116	174.515	12.515	0.519	168	4.839e+05	48.703	5.030e-05	-0.864	1.643	2.950e-02	162.381
21527	196.371	58.983	0.573	51	1.886e+05	35.578	7.047e-05	-0.710	1.643	2.950e-02	218.588
21677	195.560	55.059	0.552	163	6.074e+05	52.537	5.790e-05	-0.830	1.643	2.950e-02	281.609
7231	128.672	34.895	0.532	104	1.246e+05	30.984	8.698e-05	-0.747	1.642	2.960e-02	39.213
15569	163.038	16.286	0.647	317	2.669e+06	86.047	1.929e-05	-0.797	1.642	2.970e-02	110.424
12784	258.398	29.297	0.635	101	7.486e+05	56.327	3.422e-05	-0.697	1.641	2.980e-02	72.754
991	127.151	38.742	0.521	182	4.631e+05	47.993	8.082e-05	-0.777	1.641	2.980e-02	68.344
14660	195.635	8.386	0.485	361	1.027e+06	62.582	4.436e-05	-0.878	1.641	2.990e-02	116.763
19826	176.846	28.830	0.472	303	9.764e+05	61.544	5.040e-05	-0.854	1.640	3.000e-02	99.808
4007	212.461	31.449	0.489	211	4.613e+05	47.934	5.165e-05	-0.859	1.640	3.010e-02	42.900
17692	220.177	20.306	0.481	202	6.503e+05	53.746	4.674e-05	-0.871	1.639	3.020e-02	120.520
16643	146.326	53.865	0.635	333	2.432e+06	83.422	1.982e-05	-0.810	1.638	3.040e-02	135.138
19814	177.889	26.032	0.526	245	7.245e+05	55.716	6.074e-05	-0.826	1.637	3.050e-02	106.825
10596	191.065	4.105	0.459	212	6.041e+05	52.442	4.714e-05	-0.802	1.637	3.050e-02	62.506
17689	207.853	22.768	0.565	67	2.319e+05	38.111	5.661e-05	-0.812	1.637	3.060e-02	128.640
5074	221.008	1.004	0.467	241	5.721e+05	51.497	4.211e-05	-0.864	1.637	3.060e-02	48.680
17264	147.092	32.487	0.654	137	1.166e+06	65.292	2.426e-05	-0.712	1.637	3.060e-02	94.955
18592	218.729	43.834	0.573	375	1.962e+06	77.666	3.934e-05	-0.861	1.637	3.060e-02	185.350
20075	180.187	41.529	0.545	134	3.212e+05	42.486	6.288e-05	-0.817	1.636	3.080e-02	111.305
21754	207.477	56.464	0.472	245	5.885e+05	51.987	6.985e-05	-0.774	1.635	3.090e-02	101.164
15280	176.394	8.144	0.510	117	2.574e+05	39.461	7.202e-05	-0.815	1.635	3.090e-02	107.740
17623	210.629	26.267	0.460	137	4.350e+05	47.004	5.635e-05	-0.764	1.635	3.090e-02	72.065
17327	219.011	25.233	0.568	584	2.128e+06	79.790	2.803e-05	-0.885	1.635	3.090e-02	82.612
16321	181.249	9.926	0.518	155	3.131e+05	42.124	8.656e-05	-0.769	1.633	3.140e-02	39.674
20249	166.778	65.573	0.575	96	1.993e+05	36.238	6.297e-05	-0.736	1.632	3.150e-02	46.244
19423	164.352	30.684	0.467	167	4.874e+05	48.820	4.845e-05	-0.860	1.631	3.160e-02	87.092
17901	185.373	26.397	0.464	323	9.307e+05	60.569	5.494e-05	-0.806	1.631	3.170e-02	83.132
11055	144.837	3.636	0.543	219	5.945e+05	52.161	5.418e-05	-0.841	1.630	3.190e-02	58.333
15536	149.662	11.747	0.583	82	4.035e+05	45.839	4.497e-05	-0.812	1.630	3.190e-02	246.589
7759	121.629	20.919	0.660	79	6.904e+05	54.829	2.268e-05	-0.692	1.629	3.200e-02	83.103
12708	258.287	32.441	0.455	77	2.246e+05	37.711	4.788e-05	-0.769	1.629	3.210e-02	43.209
12173	125.781	6.439	0.486	108	1.196e+05	30.568	1.567e-04	-0.568	1.628	3.230e-02	24.218
17750	136.408	22.542	0.656	251	1.975e+06	77.837	1.769e-05	-0.799	1.627	3.240e-02	91.057
1168	192.608	-0.836	0.561	214	4.579e+05	47.814	3.401e-05	-0.887	1.627	3.240e-02	57.182
15533	226.580	12.714	0.549	192	7.495e+05	56.350	4.237e-05	-0.862	1.626	3.260e-02	105.611
14435	241.372	9.020	0.462	224	5.890e+05	52.000	5.556e-05	-0.803	1.626	3.270e-02	73.808
9095	164.411	40.471	0.452	34	8.502e+04	27.278	1.003e-04	-0.579	1.625	3.300e-02	52.469
13394	256.029	28.817	0.592	25	7.556e+04	26.226	5.324e-05	-0.738	1.624	3.320e-02	55.879
16505	147.605	44.832	0.461	364	1.063e+06	63.315	4.912e-05	-0.763	1.624	3.320e-02	74.352
15353	205.673	9.479	0.530	207	5.920e+05	52.089	6.489e-05	-0.810	1.621	3.370e-02	155.335
12341	233.721	6.476	0.484	274	9.033e+05	59.968	5.085e-05	-0.853	1.620	3.380e-02	72.655
16580	135.279	59.568	0.515	279	7.084e+05	55.300	6.069e-05	-0.844	1.620	3.380e-02	80.301
14809	177.050	9.084	0.611	342	1.983e+06	77.932	3.184e-05	-0.816	1.620	3.400e-02	95.718
18198	211.973	22.518	0.570	365	1.355e+06	68.642	3.751e-05	-0.876	1.619	3.410e-02	181.816
21108	180.162	61.338	0.465	142	6.691e+05	54.259	4.668e-05	-0.849	1.619	3.420e-02	83.495
17756	139.875	25.126	0.555	146	3.368e+05	43.160	9.171e-05	-0.701	1.618	3.420e-02	78.080
22196	182.705	42.833	0.457	217	5.246e+05	50.033	7.377e-05	-0.690	1.618	3.430e-02	66.370
14972	138.876	9.140	0.573	842	3.237e+06	91.767	3.199e-05	-0.854	1.617	3.450e-02	105.836
1176	184.764	-0.018	0.553	16	2.113e+04	17.151	1.053e-04	-0.657	1.617	3.460e-02	38.203
17708	217.248	22.238	0.457	45	1.206e+05	30.653	6.592e-05	-0.723	1.616	3.480e-02	66.254
8779	145.716	42.200	0.528	326	9.040e+05	59.982	4.501e-05	-0.871	1.615	3.490e-02	228.312
11210	187.364	4.395	0.461	125	3.493e+05	43.689	4.995e-05	-0.759	1.615	3.500e-02	68.290
18751	255.410	42.768	0.522	153	4.695e+05	48.215	3.750e-05	-0.897	1.614	3.510e-02	63.624
22307	243.455	56.236	0.462	176	4.084e+05	46.026	6.450e-05	-0.729	1.614	3.530e-02	53.623
12080	144.709	7.787	0.587	132	6.511e+05	53.767	3.911e-05	-0.808	1.613	3.530e-02	172.577
10838	164.036	2.997	0.572	17	5.277e+04	23.268	6.648e-05	-0.766	1.613	3.530e-02	46.033
18371	181.486	16.577	0.511	157	3.870e+05	45.207	5.291e-05	-0.864	1.613	3.530e-02	171.717
11892	128.453	5.776	0.519	301	7.457e+05	56.254	4.892e-05	-0.868	1.612	3.560e-02	59.484
12841	258.721	32.779	0.594	333	1.625e+06	72.932	3.025e-05	-0.862	1.611	3.570e-02	65.427
3520	194.391	37.550	0.657	135	9.515e+05	61.016	2.167e-05	-0.743	1.611	3.580e-02	83.850
21053	180.940	60.654	0.648	194	1.742e+06	74.638	2.015e-05	-0.726	1.611	3.590e-02	107.391
16741	139.260	63.851	0.567	46	6.525e+04	24.974	9.639e-05	-0.660	1.610	3.600e-02	42.510
16366	128.503	9.726	0.526	58	1.558e+05	33.381	7.560e-05	-0.795	1.610	3.600e-02	40.215
7668	126.520	24.389	0.515	117	2.870e+05	40.919	7.630e-05	-0.799	1.609	3.630e-02	63.321
13763	130.036	58.136	0.550	317	8.846e+05	59.551	4.782e-05	-0.841	1.608	3.660e-02	65.874
14846	164.160	9.002	0.553	219	8.893e+05	59.656	5.290e-05	-0.828	1.607	3.660e-02	188.464
13129	242.744	35.793	0.510	262	7.796e+05	57.094	7.891e-05	-0.786	1.606	3.680e-02	79.599
12867	255.314	30.800	0.613	197	1.020e+06	62.437	4.271e-05	-0.739	1.606	3.680e-02	71.657
1275	169.465	-0.837	0.636	96	5.143e+05	49.701	1.871e-05	-0.845	1.605	3.700e-02	58.542
11400	202.163	4.579	0.503	39	7.541e+04	26.209	9.996e-05	-0.745	1.605	3.700e-02	32.299
11588	220.555	5.490	0.625	90	4.480e+05	47.468	2.923e-05	-0.779	1.605	3.700e-02	65.579
3707	204.088	35.090	0.657	70	4.112e+05	46.129	3.435e-05	-0.592	1.604	3.730e-02	77.730
4920	208.191	1.575	0.500	98	1.659e+05	34.089	1.068e-04	-0.727	1.604	3.740e-02	41.921
1361	167.325	-0.829	0.479	331	4.998e+05	49.231	9.142e-05	-0.735	1.604	3.740e-02	49.779
21698	212.438	51.004	0.578	188	6.837e+05	54.650	5.234e-05	-0.784	1.604	3.740e-02	256.761
13028	240.773	29.796	0.574	286	8.938e+05	59.756	3.986e-05	-0.844	1.604	3.740e-02	75.667
12396	243.627	8.154	0.505	49	1.119e+05	29.896	7.866e-05	-0.798	1.603	3.750e-02	44.648
1223	168.368	-1.147	0.548	75	1.179e+05	30.422	9.611e-05	-0.687	1.602	3.780e-02	49.705
1338	188.935	0.290	0.534	263	8.033e+05	57.668	3.522e-05	-0.898	1.601	3.800e-02	29.815
18663	210.096	42.993	0.656	83	9.018e+05	59.934	2.391e-05	-0.716	1.601	3.800e-02	91.513
12145	127.075	6.025	0.579	189	5.896e+05	52.017	5.701e-05	-0.740	1.601	3.810e-02	68.850
7639	127.272	27.412	0.603	132	6.012e+05	52.358	4.323e-05	-0.762	1.601	3.810e-02	69.635
15430	224.599	8.206	0.456	79	2.506e+05	39.112	4.951e-05	-0.792	1.600	3.820e-02	63.262
4293	231.249	24.906	0.613	211	1.238e+06	66.615	2.947e-05	-0.803	1.599	3.840e-02	81.174
13679	129.205	44.964	0.492	150	2.834e+05	40.746	7.251e-05	-0.800	1.599	3.840e-02	54.233
3421	226.200	29.496	0.533	247	4.676e+05	48.149	7.813e-05	-0.785	1.599	3.840e-02	57.977
7232	127.643	34.488	0.582	136	3.600e+05	44.130	4.063e-05	-0.816	1.599	3.850e-02	63.274
1070	119.365	30.082	0.506	41	1.223e+05	30.791	8.719e-05	-0.777	1.599	3.850e-02	56.289
8589	125.631	19.249	0.462	334	8.025e+05	57.647	4.283e-05	-0.830	1.598	3.870e-02	77.577
22165	213.522	46.849	0.585	192	8.692e+05	59.203	4.085e-05	-0.832	1.597	3.890e-02	228.926
8258	127.318	14.711	0.509	153	4.191e+05	46.423	5.267e-05	-0.864	1.596	3.920e-02	48.105
21141	167.675	63.669	0.480	578	1.924e+06	77.157	4.254e-05	-0.884	1.596	3.920e-02	80.447
1256	142.942	-0.480	0.545	143	3.095e+05	41.963	6.575e-05	-0.809	1.595	3.930e-02	50.038
13097	237.467	35.332	0.499	130	4.314e+05	46.875	6.442e-05	-0.830	1.595	3.940e-02	140.309
12079	144.385	7.108	0.527	76	2.871e+05	40.925	5.546e-05	-0.852	1.595	3.950e-02	137.984
7854	123.036	20.546	0.491	149	6.239e+05	53.009	4.791e-05	-0.869	1.594	3.960e-02	143.407
8172	119.897	11.439	0.597	95	2.111e+05	36.937	8.252e-05	-0.594	1.593	3.990e-02	59.718
14740	196.283	8.525	0.648	248	2.035e+06	78.610	2.481e-05	-0.718	1.593	3.990e-02	108.303
17058	200.611	17.196	0.514	296	9.198e+05	60.329	6.159e-05	-0.833	1.592	4.020e-02	122.212
6216	245.277	18.120	0.503	304	7.853e+05	57.234	5.370e-05	-0.863	1.592	4.020e-02	88.429
2592	132.083	2.837	0.647	81	4.505e+05	47.556	3.423e-05	-0.611	1.592	4.020e-02	62.702
9172	211.306	39.676	0.515	48	7.919e+04	26.639	1.092e-04	-0.713	1.591	4.040e-02	53.500
19726	159.495	27.284	0.529	142	5.028e+05	49.330	5.393e-05	-0.846	1.591	4.040e-02	229.854
14690	231.145	13.853	0.498	131	2.114e+05	36.955	7.346e-05	-0.813	1.590	4.050e-02	43.978
6319	244.037	13.098	0.515	40	3.814e+04	20.881	1.349e-04	-0.653	1.590	4.060e-02	28.433
14346	247.958	38.967	0.603	41	2.378e+05	38.434	5.192e-05	-0.714	1.589	4.080e-02	74.362
16129	202.466	15.629	0.541	202	6.078e+05	52.548	5.063e-05	-0.852	1.589	4.100e-02	105.301
19414	197.341	30.480	0.502	195	4.881e+05	48.842	5.749e-05	-0.852	1.588	4.100e-02	50.641
4025	193.747	33.642	0.471	118	3.521e+05	43.803	5.006e-05	-0.858	1.588	4.110e-02	43.869
21032	175.455	58.036	0.658	103	9.011e+05	59.918	2.344e-05	-0.681	1.587	4.130e-02	87.456
17079	133.577	33.512	0.539	105	1.709e+05	34.426	1.013e-04	-0.703	1.587	4.140e-02	48.174
17938	156.870	21.594	0.526	96	2.484e+05	38.999	7.985e-05	-0.780	1.586	4.150e-02	167.910
18003	182.096	23.429	0.461	144	4.319e+05	46.891	6.408e-05	-0.746	1.586	4.160e-02	74.995
826	116.367	34.758	0.490	167	3.449e+05	43.503	6.924e-05	-0.823	1.585	4.180e-02	51.205
11732	139.572	2.901	0.569	251	6.415e+05	53.501	5.526e-05	-0.817	1.585	4.190e-02	47.380
17935	145.862	19.930	0.579	197	1.009e+06	62.221	3.646e-05	-0.847	1.584	4.200e-02	146.218
17563	203.888	28.367	0.558	274	1.014e+06	62.324	4.370e-05	-0.855	1.582	4.270e-02	97.545
19865	175.592	27.445	0.581	299	1.204e+06	66.002	4.304e-05	-0.820	1.582	4.270e-02	117.688
19123	150.624	29.795	0.557	232	6.088e+05	52.578	4.788e-05	-0.841	1.581	4.280e-02	203.500
11148	158.044	3.712	0.565	303	8.383e+05	58.494	3.656e-05	-0.849	1.580	4.310e-02	63.306
21904	198.553	45.675	0.523	199	5.637e+05	51.245	5.742e-05	-0.845	1.579	4.330e-02	75.628
11544	128.331	5.428	0.630	118	5.525e+05	50.905	3.092e-05	-0.766	1.578	4.360e-02	58.459
21820	199.321	48.127	0.610	136	5.714e+05	51.479	3.065e-05	-0.823	1.578	4.360e-02	188.790
3706	197.746	35.718	0.569	116	4.420e+05	47.256	4.726e-05	-0.843	1.578	4.380e-02	44.438
2567	134.088	1.446	0.535	194	4.132e+05	46.205	6.347e-05	-0.818	1.577	4.380e-02	63.536
21240	155.984	51.273	0.632	313	2.204e+06	80.728	2.711e-05	-0.775	1.577	4.390e-02	142.398
22199	185.003	43.557	0.484	210	4.240e+05	46.603	9.679e-05	-0.726	1.577	4.400e-02	56.377
9466	224.743	35.679	0.583	50	9.114e+04	27.918	1.057e-04	-0.565	1.576	4.410e-02	42.570
21582	179.074	48.823	0.454	72	2.439e+05	38.761	4.689e-05	-0.773	1.576	4.420e-02	57.794
4604	214.315	-0.243	0.487	392	8.832e+05	59.519	4.731e-05	-0.871	1.575	4.430e-02	66.422
15274	183.822	7.210	0.650	207	1.712e+06	74.208	1.919e-05	-0.711	1.575	4.450e-02	103.812
16656	145.690	48.279	0.616	93	5.733e+05	51.533	3.809e-05	-0.780	1.574	4.480e-02	175.105
18616	238.289	41.291	0.454	51	1.596e+05	33.648	6.829e-05	-0.599	1.574	4.480e-02	57.529
22748	231.324	57.066	0.473	284	7.672e+05	56.789	4.726e-05	-0.863	1.573	4.480e-02	82.124
7249	125.594	35.303	0.656	159	1.277e+06	67.305	2.261e-05	-0.731	1.573	4.490e-02	90.539
13052	245.487	27.363	0.538	96	1.249e+05	31.007	1.178e-04	-0.675	1.573	4.490e-02	44.936
18749	253.558	44.778	0.460	103	2.378e+05	38.435	7.890e-05	-0.669	1.573	4.490e-02	65.811
21847	181.857	58.055	0.518	176	5.698e+05	51.430	7.514e-05	-0.807	1.572	4.530e-02	205.412
12469	233.716	13.545	0.565	116	3.580e+05	44.049	5.390e-05	-0.821	1.571	4.540e-02	54.923