# Voids catalog for voids_BOSS_cmass_dr12v4_sgc_Om0.3_dt0.5
# [1] VoidID, [2] Center RA (deg), [3] Center Dec (deg), [4] Center Redshift, [5] Number of Galaxies, [6] Total Voronoi Volume (Mpc^3/h^3), [7] Effective Radius (Mpc/h), [8] Core Number Density (h^3/Mpc^3), [9] Core Density Contrast, [10] Void Density Contrast, [11] Probability [12] Distance from Center to Edge 
9561	45.047	-8.258	0.596	20	8.179e+04	26.928	3.104e-05	-0.844	6.122	1.400e-45	85.130
5227	329.982	26.290	0.514	270	8.236e+05	58.149	3.238e-05	-0.903	3.058	6.350e-08	80.784
7087	0.581	21.615	0.644	365	3.549e+06	94.622	1.016e-05	-0.875	2.740	3.120e-06	115.519
3478	32.189	-6.105	0.571	448	1.638e+06	73.126	2.546e-05	-0.899	2.654	7.970e-06	93.793
7225	347.344	21.352	0.598	1047	9.776e+06	132.644	8.540e-06	-0.928	2.622	1.110e-05	215.422
6622	14.735	33.167	0.504	277	6.061e+05	52.500	5.061e-05	-0.861	2.524	3.030e-05	62.562
7103	8.903	24.567	0.653	247	1.956e+06	77.588	1.429e-05	-0.796	2.467	5.300e-05	97.881
1029	15.076	-0.284	0.597	150	7.396e+05	56.102	2.606e-05	-0.869	2.426	7.770e-05	69.769
4240	334.702	12.750	0.640	618	5.583e+06	110.053	1.321e-05	-0.852	2.420	8.200e-05	125.732
3940	341.634	-1.311	0.661	38	1.772e+05	34.845	2.921e-05	-0.626	2.419	8.300e-05	64.477
1971	20.702	4.570	0.653	154	1.321e+06	68.072	1.446e-05	-0.822	2.417	8.450e-05	98.020
6977	1.322	12.599	0.505	323	8.474e+05	58.704	2.847e-05	-0.921	2.410	9.000e-05	60.541
2119	31.066	3.695	0.532	303	8.144e+05	57.932	4.034e-05	-0.865	2.290	2.650e-04	77.725
3345	39.037	-1.761	0.580	271	8.145e+05	57.933	4.660e-05	-0.789	2.290	2.650e-04	63.933
5079	14.705	20.643	0.494	864	3.460e+06	93.826	2.731e-05	-0.929	2.280	2.900e-04	150.220
1671	42.675	1.861	0.515	95	2.320e+05	38.120	4.571e-05	-0.863	2.265	3.270e-04	53.895
7580	359.764	29.760	0.463	407	1.503e+06	71.064	2.877e-05	-0.884	2.230	4.430e-04	79.631
8549	26.138	-6.288	0.477	330	7.320e+05	55.909	4.041e-05	-0.876	2.222	4.720e-04	49.747
8776	0.100	-7.353	0.498	346	6.453e+05	53.606	5.164e-05	-0.865	2.217	4.900e-04	62.779
5009	329.282	21.418	0.449	26	3.616e+04	20.514	9.173e-05	-0.557	2.209	5.260e-04	44.072
1851	30.896	2.125	0.488	247	6.522e+05	53.798	4.440e-05	-0.884	2.203	5.520e-04	50.848
7526	342.261	30.710	0.524	282	8.260e+05	58.206	5.580e-05	-0.840	2.199	5.690e-04	79.026
6630	27.546	31.032	0.513	150	3.960e+05	45.557	6.437e-05	-0.815	2.181	6.620e-04	55.594
7490	31.204	29.711	0.660	99	4.604e+05	47.903	3.560e-05	-0.544	2.163	7.670e-04	66.930
7189	24.447	26.191	0.522	452	1.607e+06	72.657	3.972e-05	-0.881	2.133	9.750e-04	172.199
289	322.004	5.724	0.653	201	1.510e+06	71.175	1.760e-05	-0.803	2.128	1.010e-03	94.160
2543	22.993	2.278	0.468	344	9.083e+05	60.078	4.229e-05	-0.857	2.127	1.020e-03	44.181
4325	341.580	15.528	0.479	85	2.916e+05	41.139	5.675e-05	-0.826	2.125	1.030e-03	114.509
643	336.658	-0.176	0.578	219	7.595e+05	56.600	3.017e-05	-0.864	2.113	1.140e-03	45.995
7437	14.683	32.568	0.630	461	2.625e+06	85.577	1.992e-05	-0.873	2.111	1.150e-03	90.875
9591	39.947	-6.188	0.519	263	7.554e+05	56.498	3.584e-05	-0.897	2.104	1.220e-03	68.925
794	320.476	0.941	0.570	315	1.006e+06	62.152	4.108e-05	-0.854	2.079	1.480e-03	74.901
6069	342.919	24.735	0.511	156	6.246e+05	53.027	3.066e-05	-0.912	2.068	1.610e-03	190.082
2124	37.399	3.740	0.500	150	1.417e+05	32.345	1.390e-04	-0.619	2.064	1.660e-03	36.724
3181	26.874	-2.882	0.473	314	6.810e+05	54.579	5.140e-05	-0.843	2.063	1.680e-03	47.274
7557	7.426	29.591	0.467	645	1.840e+06	76.012	3.672e-05	-0.876	2.059	1.720e-03	81.308
4211	333.512	11.836	0.459	359	1.040e+06	62.852	3.628e-05	-0.825	2.059	1.720e-03	69.771
9567	44.270	-7.368	0.472	41	1.140e+05	30.076	4.664e-05	-0.851	2.057	1.750e-03	58.585
3243	29.965	-2.866	0.518	212	5.726e+05	51.513	4.979e-05	-0.851	2.033	2.100e-03	46.729
8115	4.237	-3.729	0.564	209	6.181e+05	52.843	5.738e-05	-0.794	2.030	2.150e-03	77.488
8157	7.493	-4.147	0.654	122	7.444e+05	56.221	2.976e-05	-0.619	2.011	2.470e-03	68.890
1677	42.192	2.216	0.578	168	4.396e+05	47.168	3.332e-05	-0.868	2.010	2.500e-03	43.432
4518	333.451	16.358	0.502	245	9.180e+05	60.291	3.838e-05	-0.900	1.992	2.840e-03	100.180
7411	16.149	30.842	0.546	277	8.817e+05	59.486	5.204e-05	-0.831	1.972	3.290e-03	50.792
1682	35.205	2.643	0.641	517	3.141e+06	90.852	2.137e-05	-0.788	1.959	3.610e-03	78.951
7470	24.754	30.953	0.647	269	1.678e+06	73.719	1.926e-05	-0.763	1.937	4.240e-03	101.956
9545	44.740	-7.076	0.607	12	3.131e+04	19.553	8.332e-05	-0.534	1.936	4.260e-03	59.275
8349	0.252	-4.946	0.575	183	3.698e+05	44.526	6.272e-05	-0.775	1.933	4.360e-03	46.547
8960	5.995	-6.421	0.568	79	1.854e+05	35.375	6.056e-05	-0.783	1.922	4.700e-03	53.899
7488	26.764	30.774	0.462	231	5.798e+05	51.729	4.341e-05	-0.853	1.911	5.080e-03	63.537
6564	358.852	12.119	0.571	151	7.605e+05	56.625	3.623e-05	-0.845	1.910	5.120e-03	52.828
687	327.904	-0.199	0.561	300	7.930e+05	57.420	5.503e-05	-0.802	1.899	5.520e-03	83.200
905	20.396	-1.370	0.638	205	1.140e+06	64.805	1.817e-05	-0.872	1.896	5.640e-03	69.190
6364	8.282	16.103	0.509	370	1.135e+06	64.706	3.953e-05	-0.886	1.896	5.670e-03	184.345
673	27.580	0.029	0.542	50	7.456e+04	26.110	7.776e-05	-0.741	1.893	5.780e-03	39.912
1800	346.754	0.316	0.482	194	4.470e+05	47.431	6.138e-05	-0.817	1.892	5.810e-03	62.444
5685	10.833	15.160	0.634	389	2.829e+06	87.737	1.813e-05	-0.777	1.892	5.820e-03	137.559
3920	331.133	-1.181	0.505	166	3.458e+05	43.544	5.667e-05	-0.845	1.890	5.870e-03	54.599
1944	26.733	3.167	0.552	162	5.516e+05	50.876	5.224e-05	-0.831	1.889	5.940e-03	53.256
5050	332.678	22.127	0.461	281	1.163e+06	65.232	2.735e-05	-0.901	1.885	6.090e-03	74.194
1483	10.375	7.083	0.650	284	2.369e+06	82.699	1.515e-05	-0.784	1.876	6.510e-03	104.532
1788	12.986	0.928	0.454	140	3.128e+05	42.112	5.253e-05	-0.788	1.875	6.540e-03	43.512
1047	355.208	-1.102	0.603	194	6.902e+05	54.822	3.498e-05	-0.800	1.863	7.080e-03	65.585
239	323.953	5.365	0.474	547	1.708e+06	74.148	3.494e-05	-0.903	1.862	7.150e-03	101.168
6402	17.002	28.276	0.605	197	1.278e+06	67.312	3.177e-05	-0.822	1.862	7.160e-03	175.363
1521	28.674	5.777	0.563	132	4.230e+05	46.567	4.020e-05	-0.855	1.847	7.890e-03	70.434
6641	13.925	33.383	0.551	64	2.050e+05	36.576	5.393e-05	-0.825	1.844	8.060e-03	59.873
4991	29.685	24.915	0.627	136	8.334e+05	58.379	2.118e-05	-0.865	1.836	8.500e-03	67.170
3235	10.316	-3.029	0.637	135	7.508e+05	56.382	3.548e-05	-0.720	1.829	8.930e-03	64.684
4638	18.354	14.830	0.590	183	7.884e+05	57.309	3.219e-05	-0.838	1.828	8.970e-03	231.393
315	318.861	6.651	0.457	46	6.866e+04	25.403	1.018e-04	-0.633	1.826	9.120e-03	46.138
6958	358.797	10.019	0.542	285	1.257e+06	66.947	3.233e-05	-0.894	1.824	9.250e-03	98.998
974	18.149	-0.483	0.480	108	3.822e+05	45.020	5.019e-05	-0.850	1.823	9.280e-03	71.886
1911	6.680	2.989	0.456	141	3.310e+05	42.910	5.214e-05	-0.748	1.822	9.370e-03	61.765
6582	358.776	12.427	0.460	402	1.085e+06	63.747	3.973e-05	-0.808	1.820	9.460e-03	35.011
169	321.955	6.812	0.605	71	2.711e+05	40.150	6.140e-05	-0.636	1.818	9.610e-03	61.319
1907	359.140	2.845	0.505	121	3.603e+05	44.144	6.766e-05	-0.815	1.806	1.040e-02	152.500
6142	347.124	21.461	0.471	756	3.118e+06	90.625	1.771e-05	-0.953	1.804	1.060e-02	98.172
4591	331.572	20.141	0.624	405	2.599e+06	85.286	2.907e-05	-0.795	1.801	1.080e-02	107.281
3589	36.576	-6.087	0.540	429	1.159e+06	65.156	3.881e-05	-0.880	1.793	1.140e-02	86.993
5640	349.879	13.804	0.455	121	2.385e+05	38.473	4.939e-05	-0.720	1.791	1.150e-02	59.507
168	319.996	6.365	0.487	180	3.957e+05	45.545	5.421e-05	-0.855	1.791	1.150e-02	55.886
6347	9.272	16.973	0.462	454	1.482e+06	70.728	3.473e-05	-0.832	1.788	1.170e-02	77.609
1031	19.200	0.510	0.602	63	2.206e+05	37.485	4.359e-05	-0.751	1.784	1.210e-02	58.710
1836	10.374	2.849	0.580	333	1.530e+06	71.477	3.014e-05	-0.880	1.782	1.220e-02	90.903
7275	353.433	27.263	0.647	393	4.448e+06	102.018	1.325e-05	-0.837	1.775	1.270e-02	108.836
9559	43.905	-8.029	0.584	25	9.456e+04	28.262	4.606e-05	-0.803	1.775	1.280e-02	58.462
7631	14.729	33.034	0.472	136	2.767e+05	40.422	7.924e-05	-0.748	1.768	1.340e-02	61.758
2349	27.654	9.211	0.516	139	3.315e+05	42.935	6.383e-05	-0.816	1.767	1.350e-02	50.559
7242	27.784	28.196	0.538	169	5.515e+05	50.874	5.306e-05	-0.823	1.761	1.400e-02	122.174
1925	41.796	2.096	0.615	326	1.153e+06	65.043	2.297e-05	-0.854	1.757	1.440e-02	66.779
9632	40.884	-6.149	0.467	167	3.803e+05	44.947	6.408e-05	-0.804	1.754	1.460e-02	65.213
6313	357.920	25.424	0.526	125	4.423e+05	47.266	5.251e-05	-0.838	1.754	1.460e-02	224.131
9635	42.814	-7.057	0.563	81	2.449e+05	38.813	5.891e-05	-0.790	1.750	1.500e-02	59.068
7011	355.588	7.723	0.636	469	3.365e+06	92.959	1.961e-05	-0.749	1.749	1.510e-02	132.898
915	351.643	-0.731	0.640	70	5.477e+05	50.757	2.523e-05	-0.768	1.748	1.520e-02	78.894
6377	3.276	17.428	0.529	181	4.983e+05	49.181	5.300e-05	-0.836	1.748	1.520e-02	118.896
5298	331.108	28.764	0.559	26	8.684e+04	27.472	6.884e-05	-0.778	1.745	1.550e-02	52.764
3492	41.081	-1.799	0.657	182	1.112e+06	64.263	2.341e-05	-0.712	1.743	1.580e-02	73.890
3328	352.721	-1.917	0.553	121	1.853e+05	35.364	7.697e-05	-0.723	1.741	1.590e-02	40.353
8868	0.689	-8.310	0.633	217	7.885e+05	57.310	3.712e-05	-0.688	1.738	1.620e-02	76.561
754	352.525	-0.844	0.488	167	2.899e+05	41.059	9.389e-05	-0.740	1.737	1.630e-02	61.031
8241	21.186	-4.226	0.590	25	5.356e+04	23.384	8.804e-05	-0.618	1.733	1.680e-02	40.581
5660	352.546	16.304	0.514	511	1.688e+06	73.861	3.855e-05	-0.881	1.730	1.710e-02	156.280
1943	27.200	3.789	0.506	141	3.673e+05	44.428	6.719e-05	-0.816	1.728	1.740e-02	61.599
5842	358.114	33.232	0.450	25	4.448e+04	21.980	9.030e-05	-0.564	1.716	1.870e-02	48.496
930	29.745	-0.799	0.573	425	1.193e+06	65.797	3.963e-05	-0.858	1.715	1.880e-02	60.831
1830	351.746	1.790	0.575	495	1.705e+06	74.106	4.868e-05	-0.807	1.713	1.900e-02	89.343
5582	4.016	8.804	0.624	935	7.635e+06	122.153	1.345e-05	-0.828	1.710	1.940e-02	158.528
2241	24.004	8.571	0.668	28	2.461e+05	38.875	2.946e-05	-0.580	1.704	2.020e-02	66.927
4907	26.234	21.391	0.534	759	3.007e+06	89.544	2.676e-05	-0.911	1.704	2.020e-02	130.306
2100	12.935	4.709	0.515	336	1.029e+06	62.621	4.727e-05	-0.858	1.703	2.030e-02	82.540
2317	21.169	12.876	0.454	168	4.274e+05	46.730	6.154e-05	-0.751	1.702	2.040e-02	57.778
7081	6.428	23.126	0.589	409	2.111e+06	79.575	2.429e-05	-0.890	1.701	2.060e-02	234.405
7459	20.312	30.406	0.587	396	1.892e+06	76.727	2.982e-05	-0.865	1.696	2.120e-02	107.377
5264	334.597	28.274	0.470	445	1.378e+06	69.032	5.823e-05	-0.803	1.696	2.120e-02	78.852
4643	18.474	14.354	0.478	197	4.719e+05	48.296	6.185e-05	-0.815	1.696	2.130e-02	114.473
7403	353.110	28.761	0.476	582	1.642e+06	73.191	4.061e-05	-0.862	1.691	2.180e-02	108.519
8103	9.773	-3.361	0.549	103	2.142e+05	37.117	6.984e-05	-0.768	1.690	2.210e-02	62.006
1850	29.324	2.974	0.455	187	4.489e+05	47.498	6.422e-05	-0.690	1.689	2.220e-02	58.251
656	350.769	-0.805	0.534	257	6.679e+05	54.226	4.535e-05	-0.860	1.688	2.230e-02	66.184
135	324.671	5.414	0.520	163	4.903e+05	48.916	5.193e-05	-0.844	1.685	2.270e-02	120.937
8713	6.455	-6.097	0.601	40	1.164e+05	30.286	5.859e-05	-0.705	1.681	2.330e-02	55.208
5059	333.198	21.922	0.538	117	6.121e+05	52.672	5.532e-05	-0.819	1.679	2.350e-02	136.182
8543	28.531	-7.246	0.638	139	7.126e+05	55.409	4.174e-05	-0.616	1.679	2.360e-02	84.011
3550	4.764	-2.887	0.651	174	1.319e+06	68.026	2.499e-05	-0.734	1.674	2.430e-02	100.470
7528	343.409	31.812	0.558	107	2.848e+05	40.814	7.043e-05	-0.773	1.673	2.450e-02	51.651
7525	337.222	30.089	0.633	224	1.437e+06	69.996	1.663e-05	-0.835	1.671	2.490e-02	68.915
199	320.725	1.330	0.493	313	7.145e+05	55.458	5.812e-05	-0.848	1.671	2.490e-02	67.796
7344	351.651	20.992	0.487	91	2.921e+05	41.159	5.829e-05	-0.839	1.670	2.500e-02	132.882
5524	336.666	24.501	0.518	230	8.936e+05	59.752	4.952e-05	-0.850	1.666	2.550e-02	185.496
1940	21.433	2.706	0.615	218	1.274e+06	67.246	2.750e-05	-0.843	1.665	2.580e-02	86.882
270	322.813	6.959	0.541	219	7.661e+05	56.762	3.250e-05	-0.892	1.664	2.580e-02	65.162
2246	27.581	9.817	0.459	180	3.324e+05	42.973	5.626e-05	-0.773	1.664	2.590e-02	47.289
637	331.935	0.060	0.462	166	3.545e+05	43.903	6.973e-05	-0.764	1.662	2.620e-02	67.870
5613	13.867	22.865	0.598	175	8.320e+05	58.346	4.390e-05	-0.755	1.658	2.690e-02	213.936
6018	18.122	30.013	0.457	239	5.432e+05	50.618	4.497e-05	-0.818	1.655	2.740e-02	63.505
7935	348.590	32.782	0.625	17	8.422e+04	27.193	6.296e-05	-0.503	1.654	2.760e-02	52.001
8547	29.422	-6.342	0.530	449	1.053e+06	63.104	5.346e-05	-0.825	1.653	2.760e-02	91.341
4992	18.984	25.096	0.503	208	8.317e+05	58.339	3.706e-05	-0.899	1.651	2.810e-02	169.922
1741	9.809	3.174	0.488	239	6.185e+05	52.856	6.557e-05	-0.821	1.650	2.820e-02	83.528
7643	339.384	30.812	0.511	88	1.783e+05	34.915	7.482e-05	-0.792	1.650	2.830e-02	51.483
1438	14.948	8.080	0.491	159	4.232e+05	46.576	6.673e-05	-0.821	1.649	2.840e-02	143.840
5547	345.176	8.459	0.658	87	7.419e+05	56.160	2.555e-05	-0.673	1.649	2.850e-02	88.645
1891	39.805	2.040	0.573	287	6.435e+05	53.558	4.655e-05	-0.833	1.648	2.860e-02	49.460
819	340.804	-0.379	0.574	114	3.588e+05	44.081	5.256e-05	-0.775	1.644	2.930e-02	57.000
6647	22.294	32.703	0.540	22	4.184e+04	21.535	9.952e-05	-0.674	1.644	2.940e-02	51.387
1450	337.526	5.474	0.543	514	1.758e+06	74.870	3.615e-05	-0.870	1.642	2.970e-02	107.296
300	320.030	6.435	0.520	59	1.556e+05	33.365	7.212e-05	-0.784	1.640	3.000e-02	58.054
3454	27.337	-1.941	0.602	142	5.932e+05	52.123	5.348e-05	-0.701	1.639	3.020e-02	64.024
3395	35.949	-3.309	0.590	151	5.133e+05	49.670	5.134e-05	-0.758	1.638	3.040e-02	58.610
1779	2.627	3.778	0.456	101	3.488e+05	43.669	5.619e-05	-0.773	1.637	3.050e-02	62.798
8525	28.596	-7.698	0.554	195	4.931e+05	49.010	5.749e-05	-0.814	1.637	3.070e-02	67.532
7263	29.461	28.712	0.505	81	2.155e+05	37.191	8.713e-05	-0.761	1.636	3.070e-02	85.996
8458	2.334	-6.297	0.652	39	3.457e+05	43.540	2.921e-05	-0.673	1.635	3.100e-02	81.328
763	349.116	1.179	0.638	266	1.915e+06	77.033	2.254e-05	-0.793	1.633	3.130e-02	77.613
2202	332.639	5.233	0.512	290	7.020e+05	55.133	6.835e-05	-0.810	1.632	3.150e-02	62.729
692	12.345	-0.682	0.523	135	3.167e+05	42.283	6.131e-05	-0.824	1.632	3.150e-02	52.612
3392	34.570	-3.651	0.469	263	7.756e+05	56.996	4.553e-05	-0.855	1.629	3.210e-02	64.231
2377	20.223	10.695	0.589	149	6.846e+05	54.675	4.771e-05	-0.793	1.628	3.220e-02	233.170
6330	342.722	24.996	0.654	108	1.176e+06	65.488	2.014e-05	-0.753	1.624	3.310e-02	94.184
5526	336.424	21.146	0.601	188	1.304e+06	67.772	2.461e-05	-0.859	1.623	3.340e-02	207.660
5746	4.144	33.366	0.487	91	2.133e+05	37.063	6.824e-05	-0.817	1.617	3.450e-02	55.379
1070	39.278	0.245	0.479	307	1.042e+06	62.898	4.272e-05	-0.869	1.613	3.530e-02	76.698
5217	330.137	24.942	0.635	341	2.920e+06	88.670	2.236e-05	-0.762	1.613	3.530e-02	104.413
8234	18.607	-4.247	0.567	44	1.035e+05	29.130	7.499e-05	-0.730	1.613	3.540e-02	45.376
5000	14.221	14.531	0.663	49	4.407e+05	47.209	2.518e-05	-0.678	1.612	3.550e-02	77.536
5718	3.273	14.500	0.458	63	1.294e+05	31.377	8.870e-05	-0.641	1.612	3.570e-02	66.154
4363	337.811	16.468	0.478	199	7.213e+05	55.635	4.019e-05	-0.877	1.612	3.570e-02	113.977
9564	43.784	-6.938	0.498	88	2.403e+05	38.566	5.145e-05	-0.852	1.611	3.570e-02	56.294
4639	17.397	14.248	0.453	14	3.636e+04	20.551	9.922e-05	-0.599	1.611	3.580e-02	57.318
3947	32.531	-2.457	0.646	37	2.237e+05	37.660	4.873e-05	-0.552	1.607	3.660e-02	65.631
897	337.133	1.000	0.612	91	3.862e+05	45.176	4.330e-05	-0.743	1.604	3.730e-02	56.193
2150	5.016	5.179	0.558	235	1.054e+06	63.135	3.498e-05	-0.875	1.604	3.740e-02	166.958
7521	337.549	30.381	0.552	121	2.764e+05	40.409	6.806e-05	-0.780	1.602	3.780e-02	55.576
883	340.292	0.221	0.498	82	1.987e+05	36.201	7.014e-05	-0.817	1.601	3.790e-02	64.484
248	325.767	7.014	0.457	21	6.672e+04	25.161	9.712e-05	-0.671	1.600	3.820e-02	64.057
7000	348.791	9.751	0.656	96	8.229e+05	58.133	2.648e-05	-0.661	1.591	4.040e-02	91.709
1382	344.625	5.843	0.611	46	3.211e+05	42.481	3.996e-05	-0.777	1.589	4.080e-02	130.583
2121	33.606	3.613	0.487	87	1.740e+05	34.634	6.693e-05	-0.821	1.589	4.090e-02	55.331
4604	330.399	18.021	0.591	63	2.224e+05	37.583	7.482e-05	-0.662	1.587	4.140e-02	62.228
4387	338.928	10.601	0.488	259	1.080e+06	63.653	3.951e-05	-0.892	1.585	4.180e-02	135.545
1302	27.813	7.844	0.490	103	2.404e+05	38.574	7.132e-05	-0.814	1.582	4.270e-02	55.760
788	324.320	-0.918	0.487	167	3.295e+05	42.845	7.376e-05	-0.802	1.581	4.280e-02	58.574
3909	345.961	-1.909	0.571	114	1.852e+05	35.359	6.909e-05	-0.726	1.581	4.280e-02	41.412
1574	22.558	8.110	0.590	162	5.800e+05	51.735	5.092e-05	-0.770	1.576	4.430e-02	193.197
3338	21.089	-2.013	0.578	57	1.241e+05	30.947	8.048e-05	-0.711	1.574	4.460e-02	40.989
925	19.699	-0.394	0.546	324	9.092e+05	60.098	4.783e-05	-0.843	1.573	4.500e-02	74.880
1030	15.901	0.135	0.541	93	3.627e+05	44.241	5.225e-05	-0.826	1.573	4.510e-02	51.602
4965	27.052	20.911	0.463	477	1.654e+06	73.360	3.397e-05	-0.863	1.572	4.530e-02	78.984